   0.00000000000000e+00   1.63231576059789e-04
   1.00000000000000e-02   1.62303349475323e-04
   2.00000000000000e-02   1.61380085595235e-04
   3.00000000000000e-02   1.60461833892502e-04
   4.00000000000000e-02   1.59548642380445e-04
   5.00000000000000e-02   1.58640557521608e-04
   6.00000000000000e-02   1.57737624145663e-04
   7.00000000000000e-02   1.56839885376010e-04
   8.00000000000000e-02   1.55947382564706e-04
   9.00000000000000e-02   1.55060155235388e-04
   1.00000000000000e-01   1.54178241033824e-04
   1.10000000000000e-01   1.53301675685764e-04
   1.20000000000000e-01   1.52430492961742e-04
   1.30000000000000e-01   1.51564724648486e-04
   1.40000000000000e-01   1.50704400526606e-04
   1.50000000000000e-01   1.49849548354236e-04
   1.60000000000000e-01   1.49000193856281e-04
   1.70000000000000e-01   1.48156360718982e-04
   1.80000000000000e-01   1.47318070589461e-04
   1.90000000000000e-01   1.46485343079949e-04
   2.00000000000000e-01   1.45658195776397e-04
   2.10000000000000e-01   1.44836644251175e-04
   2.20000000000000e-01   1.44020702079585e-04
   2.30000000000000e-01   1.43210380859895e-04
   2.40000000000000e-01   1.42405690236643e-04
   2.50000000000000e-01   1.41606637926946e-04
   2.60000000000000e-01   1.40813229749562e-04
   2.70000000000000e-01   1.40025469656467e-04
   2.80000000000000e-01   1.39243359766713e-04
   2.90000000000000e-01   1.38466900402350e-04
   3.00000000000000e-01   1.37696090126193e-04
   3.10000000000000e-01   1.36930925781228e-04
   3.20000000000000e-01   1.36171402531466e-04
   3.30000000000000e-01   1.35417513904066e-04
   3.40000000000000e-01   1.34669251832529e-04
   3.50000000000000e-01   1.33926606700816e-04
   3.60000000000000e-01   1.33189567388227e-04
   3.70000000000000e-01   1.32458121314875e-04
   3.80000000000000e-01   1.31732254487633e-04
   3.90000000000000e-01   1.31011951546414e-04
   4.00000000000000e-01   1.30297195810648e-04
   4.10000000000000e-01   1.29587969325855e-04
   4.20000000000000e-01   1.28884252910199e-04
   4.30000000000000e-01   1.28186026200907e-04
   4.40000000000000e-01   1.27493267700485e-04
   4.50000000000000e-01   1.26805954822620e-04
   4.60000000000000e-01   1.26124063937700e-04
   4.70000000000000e-01   1.25447570417869e-04
   4.80000000000000e-01   1.24776448681565e-04
   4.90000000000000e-01   1.24110672237456e-04
   5.00000000000000e-01   1.23450213727735e-04
   5.10000000000000e-01   1.22795044970726e-04
   5.20000000000000e-01   1.22145137002738e-04
   5.30000000000000e-01   1.21500460119144e-04
   5.40000000000000e-01   1.20860983914646e-04
   5.50000000000000e-01   1.20226677322682e-04
   5.60000000000000e-01   1.19597508653973e-04
   5.70000000000000e-01   1.18973445634164e-04
   5.80000000000000e-01   1.18354455440552e-04
   5.90000000000000e-01   1.17740504737881e-04
   6.00000000000000e-01   1.17131559713203e-04
   6.10000000000000e-01   1.16527586109780e-04
   6.20000000000000e-01   1.15928549260026e-04
   6.30000000000000e-01   1.15334414117500e-04
   6.40000000000000e-01   1.14745145287927e-04
   6.50000000000000e-01   1.14160707059262e-04
   6.60000000000000e-01   1.13581063430801e-04
   6.70000000000000e-01   1.13006178141342e-04
   6.80000000000000e-01   1.12436014696394e-04
   6.90000000000000e-01   1.11870536394462e-04
   7.00000000000000e-01   1.11309706352402e-04
   7.10000000000000e-01   1.10753487529870e-04
   7.20000000000000e-01   1.10201842752863e-04
   7.30000000000000e-01   1.09654734736381e-04
   7.40000000000000e-01   1.09112126106223e-04
   7.50000000000000e-01   1.08573979419914e-04
   7.60000000000000e-01   1.08040257186813e-04
   7.70000000000000e-01   1.07510921887383e-04
   7.80000000000000e-01   1.06985935991670e-04
   7.90000000000000e-01   1.06465261976992e-04
   8.00000000000000e-01   1.05948862344862e-04
   8.10000000000000e-01   1.05436699637160e-04
   8.20000000000001e-01   1.04928736451583e-04
   8.30000000000001e-01   1.04424935456381e-04
   8.40000000000001e-01   1.03925259404401e-04
   8.50000000000001e-01   1.03429671146462e-04
   8.60000000000001e-01   1.02938133644077e-04
   8.70000000000001e-01   1.02450609981544e-04
   8.80000000000001e-01   1.01967063377419e-04
   8.90000000000001e-01   1.01487457195395e-04
   9.00000000000001e-01   1.01011754954609e-04
   9.10000000000001e-01   1.00539920339385e-04
   9.20000000000001e-01   1.00071917208444e-04
   9.30000000000001e-01   9.96077096035825e-05
   9.40000000000001e-01   9.91472617578600e-05
   9.50000000000001e-01   9.86905381032902e-05
   9.60000000000001e-01   9.82375032780679e-05
   9.70000000000001e-01   9.77881221333421e-05
   9.80000000000001e-01   9.73423597395538e-05
   9.90000000000001e-01   9.69001813923535e-05
   1.00000000000000e+00   9.64615526181162e-05
   1.01000000000000e+00   9.60264391790652e-05
   1.02000000000000e+00   9.55948070780255e-05
   1.03000000000000e+00   9.51666225628161e-05
   1.04000000000000e+00   9.47418521302990e-05
   1.05000000000000e+00   9.43204625300966e-05
   1.06000000000000e+00   9.39024207679921e-05
   1.07000000000000e+00   9.34876941090267e-05
   1.08000000000000e+00   9.30762500803046e-05
   1.09000000000000e+00   9.26680564735190e-05
   1.10000000000000e+00   9.22630813472119e-05
   1.11000000000000e+00   9.18612930287776e-05
   1.12000000000000e+00   9.14626601162237e-05
   1.13000000000000e+00   9.10671514796973e-05
   1.14000000000000e+00   9.06747362627892e-05
   1.15000000000000e+00   9.02853838836273e-05
   1.16000000000000e+00   8.98990640357646e-05
   1.17000000000000e+00   8.95157466888767e-05
   1.18000000000000e+00   8.91354020892745e-05
   1.19000000000000e+00   8.87580007602424e-05
   1.20000000000000e+00   8.83835135022099e-05
   1.21000000000000e+00   8.80119113927654e-05
   1.22000000000000e+00   8.76431657865197e-05
   1.23000000000000e+00   8.72772483148277e-05
   1.24000000000000e+00   8.69141308853745e-05
   1.25000000000000e+00   8.65537856816335e-05
   1.26000000000000e+00   8.61961851622041e-05
   1.27000000000000e+00   8.58413020600342e-05
   1.28000000000000e+00   8.54891093815352e-05
   1.29000000000000e+00   8.51395804055941e-05
   1.30000000000000e+00   8.47926886824906e-05
   1.31000000000000e+00   8.44484080327212e-05
   1.32000000000000e+00   8.41067125457416e-05
   1.33000000000000e+00   8.37675765786253e-05
   1.34000000000000e+00   8.34309747546486e-05
   1.35000000000000e+00   8.30968819618067e-05
   1.36000000000000e+00   8.27652733512603e-05
   1.37000000000000e+00   8.24361243357245e-05
   1.38000000000000e+00   8.21094105877966e-05
   1.39000000000000e+00   8.17851080382345e-05
   1.40000000000000e+00   8.14631928741812e-05
   1.41000000000000e+00   8.11436415373470e-05
   1.42000000000000e+00   8.08264307221472e-05
   1.43000000000000e+00   8.05115373738012e-05
   1.44000000000000e+00   8.01989386863953e-05
   1.45000000000000e+00   7.98886121009133e-05
   1.46000000000000e+00   7.95805353032368e-05
   1.47000000000000e+00   7.92746862221178e-05
   1.48000000000000e+00   7.89710430271269e-05
   1.49000000000000e+00   7.86695841265796e-05
   1.50000000000000e+00   7.83702881654432e-05
   1.51000000000000e+00   7.80731340232249e-05
   1.52000000000000e+00   7.77781008118467e-05
   1.53000000000000e+00   7.74851678735050e-05
   1.54000000000000e+00   7.71943147785200e-05
   1.55000000000000e+00   7.69055213231771e-05
   1.56000000000000e+00   7.66187675275569e-05
   1.57000000000000e+00   7.63340336333634e-05
   1.58000000000000e+00   7.60513001017457e-05
   1.59000000000000e+00   7.57705476111170e-05
   1.60000000000000e+00   7.54917570549726e-05
   1.61000000000000e+00   7.52149095397081e-05
   1.62000000000000e+00   7.49399863824381e-05
   1.63000000000000e+00   7.46669691088186e-05
   1.64000000000000e+00   7.43958394508710e-05
   1.65000000000000e+00   7.41265793448139e-05
   1.66000000000000e+00   7.38591709288966e-05
   1.67000000000000e+00   7.35935965412433e-05
   1.68000000000000e+00   7.33298387177023e-05
   1.69000000000000e+00   7.30678801897047e-05
   1.70000000000000e+00   7.28077038821316e-05
   1.71000000000000e+00   7.25492929111923e-05
   1.72000000000000e+00   7.22926305823128e-05
   1.73000000000000e+00   7.20377003880351e-05
   1.74000000000000e+00   7.17844860059291e-05
   1.75000000000000e+00   7.15329712965173e-05
   1.76000000000000e+00   7.12831403012117e-05
   1.77000000000000e+00   7.10349772402651e-05
   1.78000000000000e+00   7.07884665107362e-05
   1.79000000000000e+00   7.05435926844686e-05
   1.80000000000000e+00   7.03003405060868e-05
   1.81000000000000e+00   7.00586948910035e-05
   1.82000000000000e+00   6.98186409234473e-05
   1.83000000000000e+00   6.95801638545019e-05
   1.84000000000000e+00   6.93432491001651e-05
   1.85000000000000e+00   6.91078822394217e-05
   1.86000000000000e+00   6.88740490123336e-05
   1.87000000000000e+00   6.86417353181483e-05
   1.88000000000000e+00   6.84109272134223e-05
   1.89000000000000e+00   6.81816109101629e-05
   1.90000000000000e+00   6.79537727739878e-05
   1.91000000000000e+00   6.77273993223010e-05
   1.92000000000000e+00   6.75024772224869e-05
   1.93000000000000e+00   6.72789932901222e-05
   1.94000000000000e+00   6.70569344872059e-05
   1.95000000000000e+00   6.68362879204058e-05
   1.96000000000000e+00   6.66170408393249e-05
   1.97000000000000e+00   6.63991806347836e-05
   1.98000000000000e+00   6.61826948371217e-05
   1.99000000000000e+00   6.59675711145167e-05
   2.00000000000000e+00   6.57537972713215e-05
   2.01000000000000e+00   6.55413612464188e-05
   2.02000000000000e+00   6.53302511115948e-05
   2.03000000000000e+00   6.51204550699287e-05
   2.04000000000000e+00   6.49119614542024e-05
   2.05000000000000e+00   6.47047587253261e-05
   2.06000000000000e+00   6.44988354707828e-05
   2.07000000000000e+00   6.42941804030893e-05
   2.08000000000000e+00   6.40907823582762e-05
   2.09000000000000e+00   6.38886302943841e-05
   2.10000000000000e+00   6.36877132899779e-05
   2.11000000000000e+00   6.34880205426782e-05
   2.12000000000000e+00   6.32895413677097e-05
   2.13000000000000e+00   6.30922651964670e-05
   2.14000000000000e+00   6.28961815750974e-05
   2.15000000000000e+00   6.27012801631005e-05
   2.16000000000000e+00   6.25075507319441e-05
   2.17000000000000e+00   6.23149831636973e-05
   2.18000000000000e+00   6.21235674496803e-05
   2.19000000000000e+00   6.19332936891298e-05
   2.20000000000000e+00   6.17441520878810e-05
   2.21000000000000e+00   6.15561329570661e-05
   2.22000000000000e+00   6.13692267118282e-05
   2.23000000000000e+00   6.11834238700511e-05
   2.24000000000000e+00   6.09987150511054e-05
   2.25000000000000e+00   6.08150909746096e-05
   2.26000000000000e+00   6.06325424592062e-05
   2.27000000000000e+00   6.04510604213542e-05
   2.28000000000000e+00   6.02706358741357e-05
   2.29000000000000e+00   6.00912599260781e-05
   2.29999999999999e+00   5.99129237799908e-05
   2.30999999999999e+00   5.97356187318162e-05
   2.31999999999999e+00   5.95593361694964e-05
   2.32999999999999e+00   5.93840675718525e-05
   2.33999999999999e+00   5.92098045074805e-05
   2.34999999999999e+00   5.90365386336581e-05
   2.35999999999999e+00   5.88642616952689e-05
   2.36999999999999e+00   5.86929655237373e-05
   2.37999999999999e+00   5.85226420359788e-05
   2.38999999999999e+00   5.83532832333637e-05
   2.39999999999999e+00   5.81848812006927e-05
   2.40999999999999e+00   5.80174281051877e-05
   2.41999999999999e+00   5.78509161954933e-05
   2.42999999999999e+00   5.76853378006936e-05
   2.43999999999999e+00   5.75206853293394e-05
   2.44999999999999e+00   5.73569512684894e-05
   2.45999999999999e+00   5.71941281827639e-05
   2.46999999999999e+00   5.70322087134086e-05
   2.47999999999999e+00   5.68711855773743e-05
   2.48999999999999e+00   5.67110515664045e-05
   2.49999999999999e+00   5.65517995461378e-05
   2.50999999999999e+00   5.63934224552204e-05
   2.51999999999999e+00   5.62359133044305e-05
   2.52999999999999e+00   5.60792651758144e-05
   2.53999999999999e+00   5.59234712218331e-05
   2.54999999999999e+00   5.57685246645214e-05
   2.55999999999999e+00   5.56144187946555e-05
   2.56999999999999e+00   5.54611469709347e-05
   2.57999999999999e+00   5.53087026191705e-05
   2.58999999999999e+00   5.51570792314884e-05
   2.59999999999999e+00   5.50062703655398e-05
   2.60999999999999e+00   5.48562696437230e-05
   2.61999999999999e+00   5.47070707524157e-05
   2.62999999999999e+00   5.45586674412171e-05
   2.63999999999999e+00   5.44110535221993e-05
   2.64999999999999e+00   5.42642228691692e-05
   2.65999999999999e+00   5.41181694169397e-05
   2.66999999999999e+00   5.39728871606105e-05
   2.67999999999999e+00   5.38283701548578e-05
   2.68999999999999e+00   5.36846125132341e-05
   2.69999999999999e+00   5.35416084074767e-05
   2.70999999999999e+00   5.33993520668249e-05
   2.71999999999999e+00   5.32578377773465e-05
   2.72999999999999e+00   5.31170598812729e-05
   2.73999999999999e+00   5.29770127763429e-05
   2.74999999999999e+00   5.28376909151553e-05
   2.75999999999999e+00   5.26990888045291e-05
   2.76999999999998e+00   5.25612010048734e-05
   2.77999999999998e+00   5.24240221295634e-05
   2.78999999999998e+00   5.22875468443269e-05
   2.79999999999998e+00   5.21517698666375e-05
   2.80999999999998e+00   5.20166859651151e-05
   2.81999999999998e+00   5.18822899589355e-05
   2.82999999999998e+00   5.17485767172467e-05
   2.83999999999998e+00   5.16155411585932e-05
   2.84999999999998e+00   5.14831782503480e-05
   2.85999999999998e+00   5.13514830081505e-05
   2.86999999999998e+00   5.12204504953542e-05
   2.87999999999998e+00   5.10900758224790e-05
   2.88999999999998e+00   5.09603541466721e-05
   2.89999999999998e+00   5.08312806711751e-05
   2.90999999999998e+00   5.07028506447987e-05
   2.91999999999998e+00   5.05750593614035e-05
   2.92999999999998e+00   5.04479021593879e-05
   2.93999999999998e+00   5.03213744211821e-05
   2.94999999999998e+00   5.01954715727493e-05
   2.95999999999998e+00   5.00701890830924e-05
   2.96999999999998e+00   4.99455224637680e-05
   2.97999999999998e+00   4.98214672684064e-05
   2.98999999999998e+00   4.96980190922367e-05
   2.99999999999998e+00   4.95751735716195e-05
   3.00999999999998e+00   4.94529263835844e-05
   3.01999999999998e+00   4.93312732453746e-05
   3.02999999999998e+00   4.92102099139955e-05
   3.03999999999998e+00   4.90897321857715e-05
   3.04999999999998e+00   4.89698358959054e-05
   3.05999999999998e+00   4.88505169180468e-05
   3.06999999999998e+00   4.87317711638631e-05
   3.07999999999998e+00   4.86135945826176e-05
   3.08999999999998e+00   4.84959831607524e-05
   3.09999999999998e+00   4.83789329214765e-05
   3.10999999999998e+00   4.82624399243595e-05
   3.11999999999998e+00   4.81465002649302e-05
   3.12999999999998e+00   4.80311100742797e-05
   3.13999999999998e+00   4.79162655186711e-05
   3.14999999999998e+00   4.78019627991522e-05
   3.15999999999998e+00   4.76881981511740e-05
   3.16999999999998e+00   4.75749678442147e-05
   3.17999999999998e+00   4.74622681814070e-05
   3.18999999999998e+00   4.73500954991709e-05
   3.19999999999998e+00   4.72384461668511e-05
   3.20999999999998e+00   4.71273165863585e-05
   3.21999999999998e+00   4.70167031918168e-05
   3.22999999999998e+00   4.69066024492132e-05
   3.23999999999997e+00   4.67970108560528e-05
   3.24999999999997e+00   4.66879249410188e-05
   3.25999999999997e+00   4.65793412636356e-05
   3.26999999999997e+00   4.64712564139362e-05
   3.27999999999997e+00   4.63636670121349e-05
   3.28999999999997e+00   4.62565697083027e-05
   3.29999999999997e+00   4.61499611820473e-05
   3.30999999999997e+00   4.60438381421968e-05
   3.31999999999997e+00   4.59381973264880e-05
   3.32999999999997e+00   4.58330355012578e-05
   3.33999999999997e+00   4.57283494611384e-05
   3.34999999999997e+00   4.56241360287566e-05
   3.35999999999997e+00   4.55203920544371e-05
   3.36999999999997e+00   4.54171144159086e-05
   3.37999999999997e+00   4.53143000180136e-05
   3.38999999999997e+00   4.52119457924230e-05
   3.39999999999997e+00   4.51100486973526e-05
   3.40999999999997e+00   4.50086057172834e-05
   3.41999999999997e+00   4.49076138626867e-05
   3.42999999999997e+00   4.48070701697502e-05
   3.43999999999997e+00   4.47069717001098e-05
   3.44999999999997e+00   4.46073155405825e-05
   3.45999999999997e+00   4.45080988029047e-05
   3.46999999999997e+00   4.44093186234715e-05
   3.47999999999997e+00   4.43109721630807e-05
   3.48999999999997e+00   4.42130566066796e-05
   3.49999999999997e+00   4.41155691631141e-05
   3.50999999999997e+00   4.40185070648817e-05
   3.51999999999997e+00   4.39218675678871e-05
   3.52999999999997e+00   4.38256479512005e-05
   3.53999999999997e+00   4.37298455168194e-05
   3.54999999999997e+00   4.36344575894327e-05
   3.55999999999997e+00   4.35394815161877e-05
   3.56999999999997e+00   4.34449146664603e-05
   3.57999999999997e+00   4.33507544316276e-05
   3.58999999999997e+00   4.32569982248428e-05
   3.59999999999997e+00   4.31636434808137e-05
   3.60999999999997e+00   4.30706876555832e-05
   3.61999999999997e+00   4.29781282263122e-05
   3.62999999999997e+00   4.28859626910663e-05
   3.63999999999997e+00   4.27941885686032e-05
   3.64999999999997e+00   4.27028033981638e-05
   3.65999999999997e+00   4.26118047392658e-05
   3.66999999999997e+00   4.25211901714991e-05
   3.67999999999997e+00   4.24309572943241e-05
   3.68999999999997e+00   4.23411037268720e-05
   3.69999999999997e+00   4.22516271077481e-05
   3.70999999999996e+00   4.21625250948362e-05
   3.71999999999996e+00   4.20737953651067e-05
   3.72999999999996e+00   4.19854356144258e-05
   3.73999999999996e+00   4.18974435573677e-05
   3.74999999999996e+00   4.18098169270282e-05
   3.75999999999996e+00   4.17225534748419e-05
   3.76999999999996e+00   4.16356509703989e-05
   3.77999999999996e+00   4.15491072012672e-05
   3.78999999999996e+00   4.14629199728135e-05
   3.79999999999996e+00   4.13770871080290e-05
   3.80999999999996e+00   4.12916064473552e-05
   3.81999999999996e+00   4.12064758485132e-05
   3.82999999999996e+00   4.11216931863333e-05
   3.83999999999996e+00   4.10372563525886e-05
   3.84999999999996e+00   4.09531632558287e-05
   3.85999999999996e+00   4.08694118212162e-05
   3.86999999999996e+00   4.07859999903648e-05
   3.87999999999996e+00   4.07029257211797e-05
   3.88999999999996e+00   4.06201869876988e-05
   3.89999999999996e+00   4.05377817799372e-05
   3.90999999999996e+00   4.04557081037317e-05
   3.91999999999996e+00   4.03739639805886e-05
   3.92999999999996e+00   4.02925474475325e-05
   3.93999999999996e+00   4.02114565569569e-05
   3.94999999999996e+00   4.01306893764762e-05
   3.95999999999996e+00   4.00502439887802e-05
   3.96999999999996e+00   3.99701184914892e-05
   3.97999999999996e+00   3.98903109970116e-05
   3.98999999999996e+00   3.98108196324024e-05
   3.99999999999996e+00   3.97316425392240e-05
   4.00999999999996e+00   3.96527778734078e-05
   4.01999999999996e+00   3.95742238051181e-05
   4.02999999999996e+00   3.94959785186166e-05
   4.03999999999996e+00   3.94180402121293e-05
   4.04999999999996e+00   3.93404070977148e-05
   4.05999999999996e+00   3.92630774011331e-05
   4.06999999999996e+00   3.91860493617171e-05
   4.07999999999996e+00   3.91093212322446e-05
   4.08999999999996e+00   3.90328912788123e-05
   4.09999999999996e+00   3.89567577807108e-05
   4.10999999999996e+00   3.88809190303013e-05
   4.11999999999996e+00   3.88053733328935e-05
   4.12999999999996e+00   3.87301190066247e-05
   4.13999999999996e+00   3.86551543823403e-05
   4.14999999999996e+00   3.85804778034758e-05
   4.15999999999996e+00   3.85060876259401e-05
   4.16999999999996e+00   3.84319822179996e-05
   4.17999999999996e+00   3.83581599601643e-05
   4.18999999999996e+00   3.82846192450744e-05
   4.19999999999995e+00   3.82113584773885e-05
   4.20999999999995e+00   3.81383760736731e-05
   4.21999999999995e+00   3.80656704622933e-05
   4.22999999999995e+00   3.79932400833042e-05
   4.23999999999995e+00   3.79210833883442e-05
   4.24999999999995e+00   3.78491988405289e-05
   4.25999999999995e+00   3.77775849143463e-05
   4.26999999999995e+00   3.77062400955533e-05
   4.27999999999995e+00   3.76351628810729e-05
   4.28999999999995e+00   3.75643517788932e-05
   4.29999999999995e+00   3.74938053079665e-05
   4.30999999999995e+00   3.74235219981107e-05
   4.31999999999995e+00   3.73535003899102e-05
   4.32999999999995e+00   3.72837390346198e-05
   4.33999999999995e+00   3.72142364940675e-05
   4.34999999999995e+00   3.71449913405601e-05
   4.35999999999995e+00   3.70760021567889e-05
   4.36999999999995e+00   3.70072675357365e-05
   4.37999999999995e+00   3.69387860805848e-05
   4.38999999999995e+00   3.68705564046237e-05
   4.39999999999995e+00   3.68025771311609e-05
   4.40999999999995e+00   3.67348468934331e-05
   4.41999999999995e+00   3.66673643345168e-05
   4.42999999999995e+00   3.66001281072421e-05
   4.43999999999995e+00   3.65331368741051e-05
   4.44999999999995e+00   3.64663893071830e-05
   4.45999999999995e+00   3.63998840880494e-05
   4.46999999999995e+00   3.63336199076902e-05
   4.47999999999995e+00   3.62675954664210e-05
   4.48999999999995e+00   3.62018094738050e-05
   4.49999999999995e+00   3.61362606485717e-05
   4.50999999999995e+00   3.60709477185366e-05
   4.51999999999995e+00   3.60058694205215e-05
   4.52999999999995e+00   3.59410245002762e-05
   4.53999999999995e+00   3.58764117124005e-05
   4.54999999999995e+00   3.58120298202667e-05
   4.55999999999995e+00   3.57478775959439e-05
   4.56999999999995e+00   3.56839538201219e-05
   4.57999999999995e+00   3.56202572820371e-05
   4.58999999999995e+00   3.55567867793981e-05
   4.59999999999995e+00   3.54935411183126e-05
   4.60999999999995e+00   3.54305191132149e-05
   4.61999999999995e+00   3.53677195867943e-05
   4.62999999999995e+00   3.53051413699240e-05
   4.63999999999995e+00   3.52427833015910e-05
   4.64999999999995e+00   3.51806442288260e-05
   4.65999999999995e+00   3.51187230066357e-05
   4.66999999999994e+00   3.50570184979330e-05
   4.67999999999994e+00   3.49955295734711e-05
   4.68999999999994e+00   3.49342551117758e-05
   4.69999999999994e+00   3.48731939990798e-05
   4.70999999999994e+00   3.48123451292567e-05
   4.71999999999994e+00   3.47517074037571e-05
   4.72999999999994e+00   3.46912797315437e-05
   4.73999999999994e+00   3.46310610290282e-05
   4.74999999999994e+00   3.45710502200080e-05
   4.75999999999994e+00   3.45112462356047e-05
   4.76999999999994e+00   3.44516480142019e-05
   4.77999999999994e+00   3.43922545013842e-05
   4.78999999999994e+00   3.43330646498772e-05
   4.79999999999994e+00   3.42740774194874e-05
   4.80999999999994e+00   3.42152917770430e-05
   4.81999999999994e+00   3.41567066963356e-05
   4.82999999999994e+00   3.40983211580617e-05
   4.83999999999994e+00   3.40401341497655e-05
   4.84999999999994e+00   3.39821446657821e-05
   4.85999999999994e+00   3.39243517071809e-05
   4.86999999999994e+00   3.38667542817101e-05
   4.87999999999994e+00   3.38093514037413e-05
   4.88999999999994e+00   3.37521420942146e-05
   4.89999999999994e+00   3.36951253805851e-05
   4.90999999999994e+00   3.36383002967685e-05
   4.91999999999994e+00   3.35816658830885e-05
   4.92999999999994e+00   3.35252211862239e-05
   4.93999999999994e+00   3.34689652591569e-05
   4.94999999999994e+00   3.34128971611211e-05
   4.95999999999994e+00   3.33570159575507e-05
   4.96999999999994e+00   3.33013207200300e-05
   4.97999999999994e+00   3.32458105262429e-05
   4.98999999999994e+00   3.31904844599237e-05
   4.99999999999994e+00   3.31353416108080e-05
   5.00999999999994e+00   3.30803810745836e-05
   5.01999999999994e+00   3.30256019528428e-05
   5.02999999999994e+00   3.29710033530343e-05
   5.03999999999994e+00   3.29165843884164e-05
   5.04999999999994e+00   3.28623441780096e-05
   5.05999999999994e+00   3.28082818465508e-05
   5.06999999999994e+00   3.27543965244468e-05
   5.07999999999994e+00   3.27006873477294e-05
   5.08999999999994e+00   3.26471534580100e-05
   5.09999999999994e+00   3.25937940024351e-05
   5.10999999999994e+00   3.25406081336419e-05
   5.11999999999994e+00   3.24875950097148e-05
   5.12999999999994e+00   3.24347537941420e-05
   5.13999999999993e+00   3.23820836557721e-05
   5.14999999999993e+00   3.23295837687722e-05
   5.15999999999993e+00   3.22772533125854e-05
   5.16999999999993e+00   3.22250914718892e-05
   5.17999999999993e+00   3.21730974365535e-05
   5.18999999999993e+00   3.21212704016008e-05
   5.19999999999993e+00   3.20696095671646e-05
   5.20999999999993e+00   3.20181141384496e-05
   5.21999999999993e+00   3.19667833256919e-05
   5.22999999999993e+00   3.19156163441193e-05
   5.23999999999993e+00   3.18646124139125e-05
   5.24999999999993e+00   3.18137707601661e-05
   5.25999999999993e+00   3.17630906128504e-05
   5.26999999999993e+00   3.17125712067735e-05
   5.27999999999993e+00   3.16622117815430e-05
   5.28999999999993e+00   3.16120115815296e-05
   5.29999999999993e+00   3.15619698558294e-05
   5.30999999999993e+00   3.15120858582277e-05
   5.31999999999993e+00   3.14623588471624e-05
   5.32999999999993e+00   3.14127880856884e-05
   5.33999999999993e+00   3.13633728414415e-05
   5.34999999999993e+00   3.13141123866035e-05
   5.35999999999993e+00   3.12650059978671e-05
   5.36999999999993e+00   3.12160529564010e-05
   5.37999999999993e+00   3.11672525478159e-05
   5.38999999999993e+00   3.11186040621305e-05
   5.39999999999993e+00   3.10701067937373e-05
   5.40999999999993e+00   3.10217600413696e-05
   5.41999999999993e+00   3.09735631080685e-05
   5.42999999999993e+00   3.09255153011496e-05
   5.43999999999993e+00   3.08776159321708e-05
   5.44999999999993e+00   3.08298643169001e-05
   5.45999999999993e+00   3.07822597752837e-05
   5.46999999999993e+00   3.07348016314140e-05
   5.47999999999993e+00   3.06874892134988e-05
   5.48999999999993e+00   3.06403218538299e-05
   5.49999999999993e+00   3.05932988887521e-05
   5.50999999999993e+00   3.05464196586330e-05
   5.51999999999993e+00   3.04996835078329e-05
   5.52999999999993e+00   3.04530897846743e-05
   5.53999999999993e+00   3.04066378414128e-05
   5.54999999999993e+00   3.03603270342071e-05
   5.55999999999993e+00   3.03141567230900e-05
   5.56999999999993e+00   3.02681262719398e-05
   5.57999999999993e+00   3.02222350484513e-05
   5.58999999999993e+00   3.01764824241073e-05
   5.59999999999993e+00   3.01308677741508e-05
   5.60999999999992e+00   3.00853904775568e-05
   5.61999999999992e+00   3.00400499170047e-05
   5.62999999999992e+00   2.99948454788509e-05
   5.63999999999992e+00   2.99497765531019e-05
   5.64999999999992e+00   2.99048425333867e-05
   5.65999999999992e+00   2.98600428169307e-05
   5.66999999999992e+00   2.98153768045291e-05
   5.67999999999992e+00   2.97708439005202e-05
   5.68999999999992e+00   2.97264435127603e-05
   5.69999999999992e+00   2.96821750525970e-05
   5.70999999999992e+00   2.96380379348442e-05
   5.71999999999992e+00   2.95940315777565e-05
   5.72999999999992e+00   2.95501554030045e-05
   5.73999999999992e+00   2.95064088356491e-05
   5.74999999999992e+00   2.94627913041177e-05
   5.75999999999992e+00   2.94193022401792e-05
   5.76999999999992e+00   2.93759410789199e-05
   5.77999999999992e+00   2.93327072587195e-05
   5.78999999999992e+00   2.92896002212272e-05
   5.79999999999992e+00   2.92466194113381e-05
   5.80999999999992e+00   2.92037642771698e-05
   5.81999999999992e+00   2.91610342700390e-05
   5.82999999999992e+00   2.91184288444386e-05
   5.83999999999992e+00   2.90759474580151e-05
   5.84999999999992e+00   2.90335895715456e-05
   5.85999999999992e+00   2.89913546489154e-05
   5.86999999999992e+00   2.89492421570960e-05
   5.87999999999992e+00   2.89072515661228e-05
   5.88999999999992e+00   2.88653823490733e-05
   5.89999999999992e+00   2.88236339820456e-05
   5.90999999999992e+00   2.87820059441364e-05
   5.91999999999992e+00   2.87404977174206e-05
   5.92999999999992e+00   2.86991087869287e-05
   5.93999999999992e+00   2.86578386406276e-05
   5.94999999999992e+00   2.86166867693982e-05
   5.95999999999992e+00   2.85756526670160e-05
   5.96999999999992e+00   2.85347358301300e-05
   5.97999999999992e+00   2.84939357582426e-05
   5.98999999999992e+00   2.84532519536895e-05
   5.99999999999992e+00   2.84126839216200e-05
   6.00999999999992e+00   2.83722311699767e-05
   6.01999999999992e+00   2.83318932094765e-05
   6.02999999999992e+00   2.82916695535909e-05
   6.03999999999992e+00   2.82515597185267e-05
   6.04999999999992e+00   2.82115632232070e-05
   6.05999999999992e+00   2.81716795892521e-05
   6.06999999999992e+00   2.81319083409609e-05
   6.07999999999991e+00   2.80922490052922e-05
   6.08999999999991e+00   2.80527011118461e-05
   6.09999999999991e+00   2.80132641928458e-05
   6.10999999999991e+00   2.79739377831195e-05
   6.11999999999991e+00   2.79347214200821e-05
   6.12999999999991e+00   2.78956146437177e-05
   6.13999999999991e+00   2.78566169965616e-05
   6.14999999999991e+00   2.78177280236826e-05
   6.15999999999991e+00   2.77789472726660e-05
   6.16999999999991e+00   2.77402742935960e-05
   6.17999999999991e+00   2.77017086390384e-05
   6.18999999999991e+00   2.76632498640241e-05
   6.19999999999991e+00   2.76248975260316e-05
   6.20999999999991e+00   2.75866511849708e-05
   6.21999999999991e+00   2.75485104031661e-05
   6.22999999999991e+00   2.75104747453399e-05
   6.23999999999991e+00   2.74725437785966e-05
   6.24999999999991e+00   2.74347170724059e-05
   6.25999999999991e+00   2.73969941985873e-05
   6.26999999999991e+00   2.73593747312936e-05
   6.27999999999991e+00   2.73218582469957e-05
   6.28999999999991e+00   2.72844443244662e-05
   6.29999999999991e+00   2.72471325447644e-05
   6.30999999999991e+00   2.72099224912208e-05
   6.31999999999991e+00   2.71728137494214e-05
   6.32999999999991e+00   2.71358059071933e-05
   6.33999999999991e+00   2.70988985545887e-05
   6.34999999999991e+00   2.70620912838704e-05
   6.35999999999991e+00   2.70253836894975e-05
   6.36999999999991e+00   2.69887753681096e-05
   6.37999999999991e+00   2.69522659185131e-05
   6.38999999999991e+00   2.69158549416665e-05
   6.39999999999991e+00   2.68795420406657e-05
   6.40999999999991e+00   2.68433268207304e-05
   6.41999999999991e+00   2.68072088891893e-05
   6.42999999999991e+00   2.67711878554667e-05
   6.43999999999991e+00   2.67352633310680e-05
   6.44999999999991e+00   2.66994349295665e-05
   6.45999999999991e+00   2.66637022665892e-05
   6.46999999999991e+00   2.66280649598036e-05
   6.47999999999991e+00   2.65925226289040e-05
   6.48999999999991e+00   2.65570748955984e-05
   6.49999999999991e+00   2.65217213835948e-05
   6.50999999999991e+00   2.64864617185884e-05
   6.51999999999991e+00   2.64512955282487e-05
   6.52999999999991e+00   2.64162224422060e-05
   6.53999999999991e+00   2.63812420920391e-05
   6.54999999999990e+00   2.63463541112620e-05
   6.55999999999990e+00   2.63115581353120e-05
   6.56999999999990e+00   2.62768538015365e-05
   6.57999999999990e+00   2.62422407491806e-05
   6.58999999999990e+00   2.62077186193754e-05
   6.59999999999990e+00   2.61732870551249e-05
   6.60999999999990e+00   2.61389457012943e-05
   6.61999999999990e+00   2.61046942045977e-05
   6.62999999999990e+00   2.60705322135866e-05
   6.63999999999990e+00   2.60364593786374e-05
   6.64999999999990e+00   2.60024753519401e-05
   6.65999999999990e+00   2.59685797874860e-05
   6.66999999999990e+00   2.59347723410570e-05
   6.67999999999990e+00   2.59010526702131e-05
   6.68999999999990e+00   2.58674204342817e-05
   6.69999999999990e+00   2.58338752943459e-05
   6.70999999999990e+00   2.58004169132334e-05
   6.71999999999990e+00   2.57670449555052e-05
   6.72999999999990e+00   2.57337590874444e-05
   6.73999999999990e+00   2.57005589770456e-05
   6.74999999999990e+00   2.56674442940038e-05
   6.75999999999990e+00   2.56344147097033e-05
   6.76999999999990e+00   2.56014698972071e-05
   6.77999999999990e+00   2.55686095312468e-05
   6.78999999999990e+00   2.55358332882108e-05
   6.79999999999990e+00   2.55031408461350e-05
   6.80999999999990e+00   2.54705318846917e-05
   6.81999999999990e+00   2.54380060851795e-05
   6.82999999999990e+00   2.54055631305127e-05
   6.83999999999990e+00   2.53732027052118e-05
   6.84999999999990e+00   2.53409244953923e-05
   6.85999999999990e+00   2.53087281887558e-05
   6.86999999999990e+00   2.52766134745794e-05
   6.87999999999990e+00   2.52445800437059e-05
   6.88999999999990e+00   2.52126275885337e-05
   6.89999999999990e+00   2.51807558030081e-05
   6.90999999999990e+00   2.51489643826101e-05
   6.91999999999990e+00   2.51172530243480e-05
   6.92999999999990e+00   2.50856214267476e-05
   6.93999999999990e+00   2.50540692898422e-05
   6.94999999999990e+00   2.50225963151640e-05
   6.95999999999990e+00   2.49912022057342e-05
   6.96999999999990e+00   2.49598866660539e-05
   6.97999999999990e+00   2.49286494020953e-05
   6.98999999999990e+00   2.48974901212919e-05
   6.99999999999990e+00   2.48664085325300e-05
   7.00999999999989e+00   2.48354043461397e-05
   7.01999999999989e+00   2.48044772738855e-05
   7.02999999999989e+00   2.47736270289580e-05
   7.03999999999989e+00   2.47428533259650e-05
   7.04999999999989e+00   2.47121558809224e-05
   7.05999999999989e+00   2.46815344112463e-05
   7.06999999999989e+00   2.46509886357434e-05
   7.07999999999989e+00   2.46205182746035e-05
   7.08999999999989e+00   2.45901230493903e-05
   7.09999999999989e+00   2.45598026830336e-05
   7.10999999999989e+00   2.45295568998202e-05
   7.11999999999989e+00   2.44993854253863e-05
   7.12999999999989e+00   2.44692879867091e-05
   7.13999999999989e+00   2.44392643120984e-05
   7.14999999999989e+00   2.44093141311887e-05
   7.15999999999989e+00   2.43794371749314e-05
   7.16999999999989e+00   2.43496331755861e-05
   7.17999999999989e+00   2.43199018667137e-05
   7.18999999999989e+00   2.42902429831673e-05
   7.19999999999989e+00   2.42606562610857e-05
   7.20999999999989e+00   2.42311414378846e-05
   7.21999999999989e+00   2.42016982522494e-05
   7.22999999999989e+00   2.41723264441275e-05
   7.23999999999989e+00   2.41430257547207e-05
   7.24999999999989e+00   2.41137959264776e-05
   7.25999999999989e+00   2.40846367030862e-05
   7.26999999999989e+00   2.40555478294662e-05
   7.27999999999989e+00   2.40265290517623e-05
   7.28999999999989e+00   2.39975801173360e-05
   7.29999999999989e+00   2.39687007747591e-05
   7.30999999999989e+00   2.39398907738061e-05
   7.31999999999989e+00   2.39111498654470e-05
   7.32999999999989e+00   2.38824778018402e-05
   7.33999999999989e+00   2.38538743363259e-05
   7.34999999999989e+00   2.38253392234183e-05
   7.35999999999989e+00   2.37968722187993e-05
   7.36999999999989e+00   2.37684730793112e-05
   7.37999999999989e+00   2.37401415629500e-05
   7.38999999999989e+00   2.37118774288586e-05
   7.39999999999989e+00   2.36836804373200e-05
   7.40999999999989e+00   2.36555503497505e-05
   7.41999999999989e+00   2.36274869286931e-05
   7.42999999999989e+00   2.35994899378109e-05
   7.43999999999989e+00   2.35715591418805e-05
   7.44999999999989e+00   2.35436943067854e-05
   7.45999999999989e+00   2.35158951995096e-05
   7.46999999999989e+00   2.34881615881312e-05
   7.47999999999988e+00   2.34604932418158e-05
   7.48999999999988e+00   2.34328899308103e-05
   7.49999999999988e+00   2.34053514264367e-05
   7.50999999999988e+00   2.33778775010856e-05
   7.51999999999988e+00   2.33504679282100e-05
   7.52999999999988e+00   2.33231224823193e-05
   7.53999999999988e+00   2.32958409389732e-05
   7.54999999999988e+00   2.32686230747753e-05
   7.55999999999988e+00   2.32414686673673e-05
   7.56999999999988e+00   2.32143774954229e-05
   7.57999999999988e+00   2.31873493386419e-05
   7.58999999999988e+00   2.31603839777442e-05
   7.59999999999988e+00   2.31334811944640e-05
   7.60999999999988e+00   2.31066407715439e-05
   7.61999999999988e+00   2.30798624927290e-05
   7.62999999999988e+00   2.30531461427614e-05
   7.63999999999988e+00   2.30264915073743e-05
   7.64999999999988e+00   2.29998983732862e-05
   7.65999999999988e+00   2.29733665281955e-05
   7.66999999999988e+00   2.29468957607747e-05
   7.67999999999988e+00   2.29204858606651e-05
   7.68999999999988e+00   2.28941366184709e-05
   7.69999999999988e+00   2.28678478257539e-05
   7.70999999999988e+00   2.28416192750282e-05
   7.71999999999988e+00   2.28154507597543e-05
   7.72999999999988e+00   2.27893420743346e-05
   7.73999999999988e+00   2.27632930141068e-05
   7.74999999999988e+00   2.27373033753398e-05
   7.75999999999988e+00   2.27113729552277e-05
   7.76999999999988e+00   2.26855015518850e-05
   7.77999999999988e+00   2.26596889643407e-05
   7.78999999999988e+00   2.26339349925340e-05
   7.79999999999988e+00   2.26082394373089e-05
   7.80999999999988e+00   2.25826021004086e-05
   7.81999999999988e+00   2.25570227844709e-05
   7.82999999999988e+00   2.25315012930234e-05
   7.83999999999988e+00   2.25060374304779e-05
   7.84999999999988e+00   2.24806310021257e-05
   7.85999999999988e+00   2.24552818141331e-05
   7.86999999999988e+00   2.24299896735356e-05
   7.87999999999988e+00   2.24047543882339e-05
   7.88999999999988e+00   2.23795757669886e-05
   7.89999999999988e+00   2.23544536194157e-05
   7.90999999999988e+00   2.23293877559813e-05
   7.91999999999988e+00   2.23043779879976e-05
   7.92999999999988e+00   2.22794241276176e-05
   7.93999999999988e+00   2.22545259878308e-05
   7.94999999999987e+00   2.22296833824582e-05
   7.95999999999987e+00   2.22048961261482e-05
   7.96999999999987e+00   2.21801640343716e-05
   7.97999999999987e+00   2.21554869234170e-05
   7.98999999999987e+00   2.21308646103869e-05
   7.99999999999987e+00   2.21062969131922e-05
   8.00999999999987e+00   2.20817836505488e-05
   8.01999999999987e+00   2.20573246419726e-05
   8.02999999999987e+00   2.20329197077749e-05
   8.03999999999987e+00   2.20085686690586e-05
   8.04999999999987e+00   2.19842713477135e-05
   8.05999999999987e+00   2.19600275664121e-05
   8.06999999999987e+00   2.19358371486052e-05
   8.07999999999987e+00   2.19116999185177e-05
   8.08999999999987e+00   2.18876157011444e-05
   8.09999999999987e+00   2.18635843222460e-05
   8.10999999999987e+00   2.18396056083444e-05
   8.11999999999987e+00   2.18156793867191e-05
   8.12999999999987e+00   2.17918054854026e-05
   8.13999999999987e+00   2.17679837331768e-05
   8.14999999999987e+00   2.17442139595687e-05
   8.15999999999987e+00   2.17204959948459e-05
   8.16999999999987e+00   2.16968296700136e-05
   8.17999999999987e+00   2.16732148168098e-05
   8.18999999999987e+00   2.16496512677015e-05
   8.19999999999987e+00   2.16261388558808e-05
   8.20999999999987e+00   2.16026774152613e-05
   8.21999999999987e+00   2.15792667804738e-05
   8.22999999999987e+00   2.15559067868625e-05
   8.23999999999987e+00   2.15325972704814e-05
   8.24999999999987e+00   2.15093380680901e-05
   8.25999999999987e+00   2.14861290171504e-05
   8.26999999999987e+00   2.14629699558226e-05
   8.27999999999987e+00   2.14398607229611e-05
   8.28999999999987e+00   2.14168011581114e-05
   8.29999999999987e+00   2.13937911015062e-05
   8.30999999999987e+00   2.13708303940614e-05
   8.31999999999987e+00   2.13479188773731e-05
   8.32999999999987e+00   2.13250563937132e-05
   8.33999999999987e+00   2.13022427860266e-05
   8.34999999999987e+00   2.12794778979269e-05
   8.35999999999987e+00   2.12567615736933e-05
   8.36999999999987e+00   2.12340936582671e-05
   8.37999999999987e+00   2.12114739972479e-05
   8.38999999999987e+00   2.11889024368903e-05
   8.39999999999987e+00   2.11663788241003e-05
   8.40999999999987e+00   2.11439030064321e-05
   8.41999999999986e+00   2.11214748320844e-05
   8.42999999999986e+00   2.10990941498974e-05
   8.43999999999986e+00   2.10767608093488e-05
   8.44999999999986e+00   2.10544746605511e-05
   8.45999999999986e+00   2.10322355542477e-05
   8.46999999999986e+00   2.10100433418102e-05
   8.47999999999986e+00   2.09878978752345e-05
   8.48999999999986e+00   2.09657990071380e-05
   8.49999999999986e+00   2.09437465907559e-05
   8.50999999999986e+00   2.09217404799384e-05
   8.51999999999986e+00   2.08997805291473e-05
   8.52999999999986e+00   2.08778665934527e-05
   8.53999999999986e+00   2.08559985285301e-05
   8.54999999999986e+00   2.08341761906569e-05
   8.55999999999986e+00   2.08123994367097e-05
   8.56999999999986e+00   2.07906681241608e-05
   8.57999999999986e+00   2.07689821110752e-05
   8.58999999999986e+00   2.07473412561077e-05
   8.59999999999986e+00   2.07257454184998e-05
   8.60999999999986e+00   2.07041944580764e-05
   8.61999999999986e+00   2.06826882352431e-05
   8.62999999999986e+00   2.06612266109830e-05
   8.63999999999986e+00   2.06398094468541e-05
   8.64999999999986e+00   2.06184366049855e-05
   8.65999999999986e+00   2.05971079480755e-05
   8.66999999999986e+00   2.05758233393880e-05
   8.67999999999986e+00   2.05545826427496e-05
   8.68999999999986e+00   2.05333857225471e-05
   8.69999999999986e+00   2.05122324437244e-05
   8.70999999999986e+00   2.04911226717796e-05
   8.71999999999986e+00   2.04700562727622e-05
   8.72999999999986e+00   2.04490331132702e-05
   8.73999999999986e+00   2.04280530604477e-05
   8.74999999999986e+00   2.04071159819816e-05
   8.75999999999986e+00   2.03862217460990e-05
   8.76999999999986e+00   2.03653702215648e-05
   8.77999999999986e+00   2.03445612776782e-05
   8.78999999999986e+00   2.03237947842708e-05
   8.79999999999986e+00   2.03030706117036e-05
   8.80999999999986e+00   2.02823886308640e-05
   8.81999999999986e+00   2.02617487131635e-05
   8.82999999999986e+00   2.02411507305350e-05
   8.83999999999986e+00   2.02205945554302e-05
   8.84999999999986e+00   2.02000800608166e-05
   8.85999999999986e+00   2.01796071201754e-05
   8.86999999999986e+00   2.01591756074988e-05
   8.87999999999986e+00   2.01387853972870e-05
   8.88999999999985e+00   2.01184363645463e-05
   8.89999999999985e+00   2.00981283847860e-05
   8.90999999999985e+00   2.00778613340163e-05
   8.91999999999985e+00   2.00576350887454e-05
   8.92999999999985e+00   2.00374495259774e-05
   8.93999999999985e+00   2.00173045232094e-05
   8.94999999999985e+00   1.99971999584293e-05
   8.95999999999985e+00   1.99771357101135e-05
   8.96999999999985e+00   1.99571116572241e-05
   8.97999999999985e+00   1.99371276792065e-05
   8.98999999999985e+00   1.99171836559875e-05
   8.99999999999985e+00   1.98972794679722e-05
   9.00999999999985e+00   1.98774149960421e-05
   9.01999999999985e+00   1.98575901215525e-05
   9.02999999999985e+00   1.98378047263305e-05
   9.03999999999985e+00   1.98180586926722e-05
   9.04999999999985e+00   1.97983519033406e-05
   9.05999999999985e+00   1.97786842415632e-05
   9.06999999999985e+00   1.97590555910299e-05
   9.07999999999985e+00   1.97394658358907e-05
   9.08999999999985e+00   1.97199148607531e-05
   9.09999999999985e+00   1.97004025506802e-05
   9.10999999999985e+00   1.96809287911883e-05
   9.11999999999985e+00   1.96614934682447e-05
   9.12999999999985e+00   1.96420964682654e-05
   9.13999999999985e+00   1.96227376781133e-05
   9.14999999999985e+00   1.96034169850953e-05
   9.15999999999985e+00   1.95841342769609e-05
   9.16999999999985e+00   1.95648894418992e-05
   9.17999999999985e+00   1.95456823685376e-05
   9.18999999999985e+00   1.95265129459391e-05
   9.19999999999985e+00   1.95073810636003e-05
   9.20999999999985e+00   1.94882866114495e-05
   9.21999999999985e+00   1.94692294798442e-05
   9.22999999999985e+00   1.94502095595694e-05
   9.23999999999985e+00   1.94312267418354e-05
   9.24999999999985e+00   1.94122809182754e-05
   9.25999999999985e+00   1.93933719809440e-05
   9.26999999999985e+00   1.93744998223148e-05
   9.27999999999985e+00   1.93556643352786e-05
   9.28999999999985e+00   1.93368654131411e-05
   9.29999999999985e+00   1.93181029496211e-05
   9.30999999999985e+00   1.92993768388484e-05
   9.31999999999985e+00   1.92806869753620e-05
   9.32999999999985e+00   1.92620332541079e-05
   9.33999999999985e+00   1.92434155704371e-05
   9.34999999999985e+00   1.92248338201042e-05
   9.35999999999984e+00   1.92062878992646e-05
   9.36999999999984e+00   1.91877777044733e-05
   9.37999999999984e+00   1.91693031326826e-05
   9.38999999999984e+00   1.91508640812404e-05
   9.39999999999984e+00   1.91324604478880e-05
   9.40999999999984e+00   1.91140921307588e-05
   9.41999999999984e+00   1.90957590283757e-05
   9.42999999999984e+00   1.90774610396497e-05
   9.43999999999984e+00   1.90591980638782e-05
   9.44999999999984e+00   1.90409700007425e-05
   9.45999999999984e+00   1.90227767503066e-05
   9.46999999999984e+00   1.90046182130152e-05
   9.47999999999984e+00   1.89864942896918e-05
   9.48999999999984e+00   1.89684048815369e-05
   9.49999999999984e+00   1.89503498901264e-05
   9.50999999999984e+00   1.89323292174095e-05
   9.51999999999984e+00   1.89143427657072e-05
   9.52999999999984e+00   1.88963904377106e-05
   9.53999999999984e+00   1.88784721364788e-05
   9.54999999999984e+00   1.88605877654376e-05
   9.55999999999984e+00   1.88427372283773e-05
   9.56999999999984e+00   1.88249204294515e-05
   9.57999999999984e+00   1.88071372731748e-05
   9.58999999999984e+00   1.87893876644218e-05
   9.59999999999984e+00   1.87716715084247e-05
   9.60999999999984e+00   1.87539887107722e-05
   9.61999999999984e+00   1.87363391774074e-05
   9.62999999999984e+00   1.87187228146264e-05
   9.63999999999984e+00   1.87011395290766e-05
   9.64999999999984e+00   1.86835892277551e-05
   9.65999999999984e+00   1.86660718180068e-05
   9.66999999999984e+00   1.86485872075231e-05
   9.67999999999984e+00   1.86311353043402e-05
   9.68999999999984e+00   1.86137160168372e-05
   9.69999999999984e+00   1.85963292537351e-05
   9.70999999999984e+00   1.85789749240946e-05
   9.71999999999984e+00   1.85616529373149e-05
   9.72999999999984e+00   1.85443632031320e-05
   9.73999999999984e+00   1.85271056316172e-05
   9.74999999999984e+00   1.85098801331754e-05
   9.75999999999984e+00   1.84926866185438e-05
   9.76999999999984e+00   1.84755249987900e-05
   9.77999999999984e+00   1.84583951853109e-05
   9.78999999999984e+00   1.84412970898308e-05
   9.79999999999984e+00   1.84242306244003e-05
   9.80999999999984e+00   1.84071957013942e-05
   9.81999999999984e+00   1.83901922335108e-05
   9.82999999999983e+00   1.83732201337696e-05
   9.83999999999983e+00   1.83562793155105e-05
   9.84999999999983e+00   1.83393696923918e-05
   9.85999999999983e+00   1.83224911783890e-05
   9.86999999999983e+00   1.83056436877935e-05
   9.87999999999983e+00   1.82888271352108e-05
   9.88999999999983e+00   1.82720414355594e-05
   9.89999999999983e+00   1.82552865040689e-05
   9.90999999999983e+00   1.82385622562792e-05
   9.91999999999983e+00   1.82218686080386e-05
   9.92999999999983e+00   1.82052054755027e-05
   9.93999999999983e+00   1.81885727751326e-05
   9.94999999999983e+00   1.81719704236941e-05
   9.95999999999983e+00   1.81553983382558e-05
   9.96999999999983e+00   1.81388564361880e-05
   9.97999999999983e+00   1.81223446351611e-05
   9.98999999999983e+00   1.81058628531446e-05
   9.99999999999983e+00   1.80894110084052e-05
