   1.00000004749745e-03   4.03315628492325e+03
   1.09749881085008e-03   4.41389964338595e+03
   1.20450358372182e-03   4.82828313113711e+03
   1.32194126490504e-03   5.27867321367780e+03
   1.45082885865122e-03   5.76745286238328e+03
   1.59228290431201e-03   6.29698324108754e+03
   1.74752844031900e-03   6.86954078398445e+03
   1.91791041288525e-03   7.48727193498028e+03
   2.10490426979959e-03   8.15210388940944e+03
   2.31012981384993e-03   8.86566945351451e+03
   2.53536459058523e-03   9.62920532267373e+03
   2.78255972079933e-03   1.04434547625302e+04
   3.05385561659932e-03   1.13085265329519e+04
   3.35160270333290e-03   1.22237967976935e+04
   3.67838027887046e-03   1.31877538076427e+04
   4.03701746836305e-03   1.41978720356397e+04
   4.43062139675021e-03   1.52504824547803e+04
   4.86260233446956e-03   1.63406225741071e+04
   5.33669954165816e-03   1.74619106194361e+04
   5.85702108219266e-03   1.86064565111368e+04
   6.42807409167290e-03   1.97647202316885e+04
   7.05480296164751e-03   2.09254481472412e+04
   7.74263730272651e-03   2.20755974309255e+04
   8.49753525108099e-03   2.32002752047050e+04
   9.32603329420090e-03   2.42827232131540e+04
   1.02353105321527e-02   2.53043086715002e+04
   1.12332422286272e-02   2.62445647955471e+04
   1.23284673318267e-02   2.70812983143820e+04
   1.35304788127542e-02   2.77908617985380e+04
   1.48496851325035e-02   2.83486227153726e+04
   1.62975080311298e-02   2.87298935514803e+04
   1.78864970803261e-02   2.89114607596324e+04
   1.96304097771645e-02   2.88739584136273e+04
   2.15443465858698e-02   2.86051149320834e+04
   2.36448962241411e-02   2.81035323535472e+04
   2.59502455592155e-02   2.73820352845521e+04
   2.84803584218025e-02   2.64689850475142e+04
   3.12571600079536e-02   2.54062921948149e+04
   3.43046970665455e-02   2.42437415448839e+04
   3.76493595540524e-02   2.30311852963054e+04
   4.13201265037060e-02   2.18111585178651e+04
   4.53487932682037e-02   2.06132601598886e+04
   4.97702360153198e-02   1.94492253138915e+04
   5.46227768063545e-02   1.83067215975673e+04
   5.99484369158745e-02   1.71443602019537e+04
   6.57933205366135e-02   1.58989547052703e+04
   7.22080990672112e-02   1.45193001106965e+04
   7.92483091354370e-02   1.30219249560528e+04
   8.69749039411545e-02   1.15227761211190e+04
   9.54548269510269e-02   1.01835115535031e+04
   1.04761570692062e-01   9.08222517669380e+03
   1.14975705742836e-01   8.13029178369432e+03
   1.26185700297356e-01   7.16915863127454e+03
   1.38488665223122e-01   6.18510926587285e+03
   1.51991158723831e-01   5.32284198382169e+03
   1.66810035705566e-01   4.62795386871093e+03
   1.83073818683624e-01   3.98771008928455e+03
   2.00923308730125e-01   3.38658658045071e+03
   2.20513105392456e-01   2.88756198069642e+03
   2.42012888193130e-01   2.44975534632942e+03
   2.65608876943588e-01   2.06433427107120e+03
   2.91505277156830e-01   1.73851466133267e+03
   3.19926708936691e-01   1.45616053421027e+03
   3.51119190454483e-01   1.21713495384663e+03
   3.85352909564972e-01   1.01372116521961e+03
   4.22924399375916e-01   8.41972087171186e+02
   4.64158773422241e-01   6.97479998209775e+02
   5.09413719177246e-01   5.76255249169697e+02
   5.59081017971039e-01   4.74918917440899e+02
   6.13590776920319e-01   3.90484552304320e+02
   6.73415184020996e-01   3.20339607291859e+02
   7.39072382450104e-01   2.62225716200614e+02
   8.11130702495575e-01   2.14207414538178e+02
   8.90214979648590e-01   1.74634983318261e+02
   9.77009952068329e-01   1.42096743899679e+02
   1.07226729393005e+00   1.15407227070851e+02
   1.17681217193604e+00   9.35618439661079e+01
   1.29155004024506e+00   7.57197463218184e+01
   1.41747391223907e+00   6.11772667215270e+01
   1.55567598342896e+00   4.93476166003878e+01
   1.70735263824463e+00   3.97428300362556e+01
   1.87381768226624e+00   3.19588961727934e+01
   2.05651283264160e+00   2.56617452581587e+01
   2.25702047348022e+00   2.05761024683484e+01
   2.47707605361938e+00   1.64756961368043e+01
   2.71858811378479e+00   1.31748924513968e+01
   2.98364734649658e+00   1.05218612250720e+01
   3.27454948425293e+00   8.39265225178221e+00
   3.59381437301636e+00   6.68628908343435e+00
   3.94420719146729e+00   5.32069391828856e+00
   4.32876062393188e+00   4.22927679185237e+00
   4.75081014633179e+00   3.35810424097767e+00
   5.21400833129883e+00   2.66360288389057e+00
   5.72236871719360e+00   2.11060565800569e+00
   6.28029298782349e+00   1.67079283970084e+00
   6.89261436462402e+00   1.32138717925017e+00
   7.56463241577148e+00   1.04410518180367e+00
   8.30217552185059e+00   8.24284778979761e-01
   9.11162853240967e+00   6.50194131940424e-01
   9.99999618530273e+00   5.12453705557219e-01
