   9.00414993091771e+00   1.00000000000000e-01
   8.77638711351608e+00   1.20624922056576e+01
   8.55380973429250e+00   2.58480856505587e+01
   8.33629973723851e+00   4.39686701363562e+01
   8.12374175410715e+00   6.92206663529753e+01
   7.91602304322116e+00   1.05033592247092e+02
   7.71303342967429e+00   1.55784762133240e+02
   7.51466524689405e+00   2.27116350545711e+02
   7.32081327953490e+00   3.26273525878676e+02
   7.13137470767156e+00   4.62472288541841e+02
   6.94624905226289e+00   6.47299199129648e+02
   6.76533812185739e+00   8.95140499583209e+02
   6.58854596051198e+00   1.22363434538446e+03
   6.41577879689656e+00   1.65413661122927e+03
   6.24694499455734e+00   2.21218789651431e+03
   6.08195500331242e+00   2.92796696215781e+03
   5.92072131175397e+00   3.83671396002233e+03
   5.76315840083186e+00   4.97910557333816e+03
   5.60918269849393e+00   6.40156366664652e+03
   5.45871253535904e+00   8.15647931754832e+03
   5.31166810139925e+00   1.03023352042064e+04
   5.16797140360827e+00   1.29037112435597e+04
   5.02754622463360e+00   1.60311610622432e+04
   4.89031808235053e+00   1.97609502391101e+04
   4.75621419035649e+00   2.41746511513276e+04
   4.62516341936484e+00   2.93585935220170e+04
   4.49709625947756e+00   3.54031742233668e+04
   4.37194478331693e+00   4.24020343432988e+04
   4.24964260999654e+00   5.04511157864965e+04
   4.13012486991257e+00   5.96476135749377e+04
   4.01332817033669e+00   7.00888433836158e+04
   3.89919056179226e+00   8.18710465674186e+04
   3.78765150519608e+00   9.50881569125684e+04
   3.67865183974818e+00   1.09830554524754e+05
   3.57213375155269e+00   1.26183832627364e+05
   3.46804074295309e+00   1.44227602603935e+05
   3.36631760256559e+00   1.64034361428068e+05
   3.26691037599482e+00   1.85668443758176e+05
   3.16976633721614e+00   2.09185078531661e+05
   3.07483396060953e+00   2.34629566987146e+05
   2.98206289363021e+00   2.62036595797063e+05
   2.89140393010141e+00   2.91429695531957e+05
   2.80280898411519e+00   3.22820851125530e+05
   2.71623106452749e+00   3.56210267481687e+05
   2.63162425003379e+00   3.91586289966113e+05
   2.54894366481231e+00   4.28925476345700e+05
   2.46814545472159e+00   4.68192813853748e+05
   2.38918676404015e+00   5.09342072524401e+05
   2.31202571273558e+00   5.52316283796305e+05
   2.23662137425121e+00   5.97048331656204e+05
   2.16293375379847e+00   6.43461642286076e+05
   2.09092376714348e+00   6.91470957286482e+05
   2.02055321987663e+00   7.40983175056332e+05
   1.95178478715408e+00   7.91898244787746e+05
   1.88458199390048e+00   8.44110097749174e+05
   1.81890919546246e+00   8.97507601040020e+05
   1.75473155870257e+00   9.51975519761965e+05
   1.69201504352358e+00   1.00739547452084e+06
   1.63072638481350e+00   1.06364688230300e+06
   1.57083307480161e+00   1.12060787001803e+06
   1.51230334581619e+00   1.17815615132438e+06
   1.45510615343483e+00   1.23616985871758e+06
   1.39921116001832e+00   1.29452832422975e+06
   1.34458871861944e+00   1.35311280343299e+06
   1.29120985725806e+00   1.41180713873416e+06
   1.23904626355434e+00   1.47049835917442e+06
   1.18807026971166e+00   1.52907721508606e+06
   1.13825483784152e+00   1.58743864700220e+06
   1.08957354562254e+00   1.64548218915165e+06
   1.04200057228594e+00   1.70311230869859e+06
   9.95510684920077e-01   1.76023868260260e+06
   9.50079225086811e-01   1.81677641457997e+06
   9.05682095742566e-01   1.87264619514603e+06
   8.62295748457149e-01   1.92777440811442e+06
   8.19897170923558e-01   1.98209318723045e+06
   7.78463874752157e-01   2.03554042682811e+06
   7.37973883542737e-01   2.08805975053282e+06
   6.98405721228136e-01   2.13960044209245e+06
   6.59738400683242e-01   2.19011734241664e+06
   6.21951412593329e-01   2.23957071684688e+06
   5.85024714575826e-01   2.28792609657599e+06
   5.48938720549756e-01   2.33515409799285e+06
   5.13674290347185e-01   2.38123022355464e+06
   4.79212719561204e-01   2.42613464759047e+06
   4.45535729625020e-01   2.46985199022397e+06
   4.12625458116932e-01   2.51237108237355e+06
   3.80464449286022e-01   2.55368472455264e+06
   3.49035644793551e-01   2.59378944195281e+06
   3.18322374665139e-01   2.63268523805357e+06
   2.88308348448941e-01   2.67037534876779e+06
   2.58977646575118e-01   2.70686599890299e+06
   2.30314711912030e-01   2.74216616249881e+06
   2.02304341514666e-01   2.77628732839120e+06
   1.74931678560936e-01   2.80924327215606e+06
   1.48182204471544e-01   2.84104983539914e+06
   1.22041731209278e-01   2.87172471318696e+06
   9.64963937536059e-02   2.90128725025429e+06
   7.15326427466132e-02   2.92975824647810e+06
   4.71372373063632e-02   2.95715977197617e+06
   2.32972380038754e-02   2.98351499206893e+06
