   0.00000000000000e+00   1.57428728543237e-04
   1.00000000000000e-02   1.56598320153508e-04
   2.00000000000000e-02   1.55770968259112e-04
   3.00000000000000e-02   1.54946778084225e-04
   4.00000000000000e-02   1.54125850732879e-04
   5.00000000000000e-02   1.53308283239434e-04
   6.00000000000000e-02   1.52494168621801e-04
   7.00000000000000e-02   1.51683595937270e-04
   8.00000000000000e-02   1.50876650340761e-04
   9.00000000000000e-02   1.50073413145337e-04
   1.00000000000000e-01   1.49273961884808e-04
   1.10000000000000e-01   1.48478370378262e-04
   1.20000000000000e-01   1.47686708796354e-04
   1.30000000000000e-01   1.46899043729195e-04
   1.40000000000000e-01   1.46115438255669e-04
   1.50000000000000e-01   1.45335952014034e-04
   1.60000000000000e-01   1.44560641273633e-04
   1.70000000000000e-01   1.43789559007579e-04
   1.80000000000000e-01   1.43022754966251e-04
   1.90000000000000e-01   1.42260275751473e-04
   2.00000000000000e-01   1.41502164891220e-04
   2.10000000000000e-01   1.40748462914727e-04
   2.20000000000000e-01   1.39999207427860e-04
   2.30000000000000e-01   1.39254433188639e-04
   2.40000000000000e-01   1.38514172182781e-04
   2.50000000000000e-01   1.37778453699147e-04
   2.60000000000000e-01   1.37047304404994e-04
   2.70000000000000e-01   1.36320748420923e-04
   2.80000000000000e-01   1.35598807395420e-04
   2.90000000000000e-01   1.34881500578906e-04
   3.00000000000000e-01   1.34168844897201e-04
   3.10000000000000e-01   1.33460855024332e-04
   3.20000000000000e-01   1.32757543454585e-04
   3.30000000000000e-01   1.32058920573764e-04
   3.40000000000000e-01   1.31364994729561e-04
   3.50000000000000e-01   1.30675772300990e-04
   3.60000000000000e-01   1.29991257766830e-04
   3.70000000000000e-01   1.29311453773026e-04
   3.80000000000000e-01   1.28636361198990e-04
   3.90000000000000e-01   1.27965979222785e-04
   4.00000000000000e-01   1.27300305385128e-04
   4.10000000000000e-01   1.26639335652198e-04
   4.20000000000000e-01   1.25983064477214e-04
   4.30000000000000e-01   1.25331484860755e-04
   4.40000000000000e-01   1.24684588409811e-04
   4.50000000000000e-01   1.24042365395535e-04
   4.60000000000000e-01   1.23404804809694e-04
   4.70000000000000e-01   1.22771894419797e-04
   4.80000000000000e-01   1.22143620822903e-04
   4.90000000000000e-01   1.21519969498102e-04
   5.00000000000000e-01   1.20900924857652e-04
   5.10000000000000e-01   1.20286470296805e-04
   5.20000000000000e-01   1.19676588242286e-04
   5.30000000000000e-01   1.19071260199461e-04
   5.40000000000000e-01   1.18470466798187e-04
   5.50000000000000e-01   1.17874187837356e-04
   5.60000000000000e-01   1.17282402328142e-04
   5.70000000000000e-01   1.16695088535967e-04
   5.80000000000000e-01   1.16112224021200e-04
   5.90000000000000e-01   1.15533785678602e-04
   6.00000000000000e-01   1.14959749775536e-04
   6.10000000000000e-01   1.14390091988955e-04
   6.20000000000000e-01   1.13824787441197e-04
   6.30000000000000e-01   1.13263810734596e-04
   6.40000000000000e-01   1.12707135984934e-04
   6.50000000000000e-01   1.12154736853760e-04
   6.60000000000000e-01   1.11606586579588e-04
   6.70000000000000e-01   1.11062658008002e-04
   6.80000000000000e-01   1.10522923620697e-04
   6.90000000000000e-01   1.09987355563464e-04
   7.00000000000000e-01   1.09455925673156e-04
   7.10000000000000e-01   1.08928605503655e-04
   7.20000000000000e-01   1.08405366350856e-04
   7.30000000000000e-01   1.07886179276707e-04
   7.40000000000000e-01   1.07371015132314e-04
   7.50000000000000e-01   1.06859844580146e-04
   7.60000000000000e-01   1.06352638115355e-04
   7.70000000000000e-01   1.05849366086240e-04
   7.80000000000000e-01   1.05349998713882e-04
   7.90000000000000e-01   1.04854506110961e-04
   8.00000000000000e-01   1.04362858299794e-04
   8.10000000000000e-01   1.03875025229602e-04
   8.20000000000001e-01   1.03390976793043e-04
   8.30000000000001e-01   1.02910682842018e-04
   8.40000000000001e-01   1.02434113202785e-04
   8.50000000000001e-01   1.01961237690399e-04
   8.60000000000001e-01   1.01492026122492e-04
   8.70000000000001e-01   1.01026448332425e-04
   8.80000000000001e-01   1.00564474181829e-04
   8.90000000000001e-01   1.00106073572542e-04
   9.00000000000001e-01   9.96512164579926e-05
   9.10000000000001e-01   9.91998728540089e-05
   9.20000000000001e-01   9.87520128491101e-05
   9.30000000000001e-01   9.83076066142721e-05
   9.40000000000001e-01   9.78666244121986e-05
   9.50000000000001e-01   9.74290366061111e-05
   9.60000000000001e-01   9.69948136680746e-05
   9.70000000000001e-01   9.65639261868790e-05
   9.80000000000001e-01   9.61363448754873e-05
   9.90000000000001e-01   9.57120405780708e-05
   1.00000000000000e+00   9.52909842766457e-05
   1.01000000000000e+00   9.48731470973232e-05
   1.02000000000000e+00   9.44585003161931e-05
   1.03000000000000e+00   9.40470153648492e-05
   1.04000000000000e+00   9.36386638355752e-05
   1.05000000000000e+00   9.32334174861996e-05
   1.06000000000000e+00   9.28312482446383e-05
   1.07000000000000e+00   9.24321282131315e-05
   1.08000000000000e+00   9.20360296721914e-05
   1.09000000000000e+00   9.16429250842698e-05
   1.10000000000000e+00   9.12527870971592e-05
   1.11000000000000e+00   9.08655885471354e-05
   1.12000000000000e+00   9.04813024618571e-05
   1.13000000000000e+00   9.00999020630259e-05
   1.14000000000000e+00   8.97213607688240e-05
   1.15000000000000e+00   8.93456521961343e-05
   1.16000000000000e+00   8.89727501625536e-05
   1.17000000000000e+00   8.86026286882081e-05
   1.18000000000000e+00   8.82352619973806e-05
   1.19000000000000e+00   8.78706245199559e-05
   1.20000000000000e+00   8.75086908926940e-05
   1.21000000000000e+00   8.71494359603384e-05
   1.22000000000000e+00   8.67928347765671e-05
   1.23000000000000e+00   8.64388626047936e-05
   1.24000000000000e+00   8.60874949188246e-05
   1.25000000000000e+00   8.57387074033808e-05
   1.26000000000000e+00   8.53924759544882e-05
   1.27000000000000e+00   8.50487766797471e-05
   1.28000000000000e+00   8.47075858984802e-05
   1.29000000000000e+00   8.43688801417721e-05
   1.30000000000000e+00   8.40326361524002e-05
   1.31000000000000e+00   8.36988308846651e-05
   1.32000000000000e+00   8.33674415041267e-05
   1.33000000000000e+00   8.30384453872464e-05
   1.34000000000000e+00   8.27118201209454e-05
   1.35000000000000e+00   8.23875435020812e-05
   1.36000000000000e+00   8.20655935368451e-05
   1.37000000000000e+00   8.17459484400894e-05
   1.38000000000000e+00   8.14285866345820e-05
   1.39000000000000e+00   8.11134867502001e-05
   1.40000000000000e+00   8.08006276230584e-05
   1.41000000000000e+00   8.04899882945825e-05
   1.42000000000000e+00   8.01815480105259e-05
   1.43000000000000e+00   7.98752862199368e-05
   1.44000000000000e+00   7.95711825740769e-05
   1.45000000000000e+00   7.92692169252942e-05
   1.46000000000000e+00   7.89693693258555e-05
   1.47000000000000e+00   7.86716200267370e-05
   1.48000000000000e+00   7.83759494763809e-05
   1.49000000000000e+00   7.80823383194156e-05
   1.50000000000000e+00   7.77907673953456e-05
   1.51000000000000e+00   7.75012177372104e-05
   1.52000000000000e+00   7.72136705702184e-05
   1.53000000000000e+00   7.69281073103535e-05
   1.54000000000000e+00   7.66445095629592e-05
   1.55000000000000e+00   7.63628591213030e-05
   1.56000000000000e+00   7.60831379651186e-05
   1.57000000000000e+00   7.58053282591337e-05
   1.58000000000000e+00   7.55294123515792e-05
   1.59000000000000e+00   7.52553727726860e-05
   1.60000000000000e+00   7.49831922331684e-05
   1.61000000000000e+00   7.47128536226955e-05
   1.62000000000000e+00   7.44443400083538e-05
   1.63000000000000e+00   7.41776346331012e-05
   1.64000000000000e+00   7.39127209142119e-05
   1.65000000000000e+00   7.36495824417182e-05
   1.66000000000000e+00   7.33882029768445e-05
   1.67000000000000e+00   7.31285664504388e-05
   1.68000000000000e+00   7.28706569614013e-05
   1.69000000000000e+00   7.26144587751107e-05
   1.70000000000000e+00   7.23599563218497e-05
   1.71000000000000e+00   7.21071341952306e-05
   1.72000000000000e+00   7.18559771506218e-05
   1.73000000000000e+00   7.16064701035748e-05
   1.74000000000000e+00   7.13585981282547e-05
   1.75000000000000e+00   7.11123464558739e-05
   1.76000000000000e+00   7.08677004731279e-05
   1.77000000000000e+00   7.06246457206369e-05
   1.78000000000000e+00   7.03831678913921e-05
   1.79000000000000e+00   7.01432528292061e-05
   1.80000000000000e+00   6.99048865271722e-05
   1.81000000000000e+00   6.96680551261271e-05
   1.82000000000000e+00   6.94327449131223e-05
   1.83000000000000e+00   6.91989423199026e-05
   1.84000000000000e+00   6.89666339213929e-05
   1.85000000000000e+00   6.87358064341922e-05
   1.86000000000000e+00   6.85064467150768e-05
   1.87000000000000e+00   6.82785417595130e-05
   1.88000000000000e+00   6.80520787001780e-05
   1.89000000000000e+00   6.78270448054913e-05
   1.90000000000000e+00   6.76034274781552e-05
   1.91000000000000e+00   6.73812142537060e-05
   1.92000000000000e+00   6.71603927990749e-05
   1.93000000000000e+00   6.69409509111602e-05
   1.94000000000000e+00   6.67228765154102e-05
   1.95000000000000e+00   6.65061576644155e-05
   1.96000000000000e+00   6.62907825365150e-05
   1.97000000000000e+00   6.60767394344111e-05
   1.98000000000000e+00   6.58640167837972e-05
   1.99000000000000e+00   6.56526031319965e-05
   2.00000000000000e+00   6.54424871466123e-05
   2.01000000000000e+00   6.52336576141905e-05
   2.02000000000000e+00   6.50261034388937e-05
   2.03000000000000e+00   6.48198136411869e-05
   2.04000000000000e+00   6.46147773565359e-05
   2.05000000000000e+00   6.44109838341166e-05
   2.06000000000000e+00   6.42084224355379e-05
   2.07000000000000e+00   6.40070826335752e-05
   2.08000000000000e+00   6.38069540109173e-05
   2.09000000000000e+00   6.36080262589246e-05
   2.10000000000000e+00   6.34102891763997e-05
   2.11000000000000e+00   6.32137326683710e-05
   2.12000000000000e+00   6.30183467448868e-05
   2.13000000000000e+00   6.28241215198235e-05
   2.14000000000000e+00   6.26310472097041e-05
   2.15000000000000e+00   6.24391141325311e-05
   2.16000000000000e+00   6.22483127066287e-05
   2.17000000000000e+00   6.20586334494997e-05
   2.18000000000000e+00   6.18700669766929e-05
   2.19000000000000e+00   6.16826040006835e-05
   2.20000000000000e+00   6.14962353297639e-05
   2.21000000000000e+00   6.13109518669484e-05
   2.22000000000000e+00   6.11267446088890e-05
   2.23000000000000e+00   6.09436046448015e-05
   2.24000000000000e+00   6.07615231554061e-05
   2.25000000000000e+00   6.05804914118776e-05
   2.26000000000000e+00   6.04005007748083e-05
   2.27000000000000e+00   6.02215426931810e-05
   2.28000000000000e+00   6.00436087033560e-05
   2.29000000000000e+00   5.98666904280668e-05
   2.29999999999999e+00   5.96907795754290e-05
   2.30999999999999e+00   5.95158679379591e-05
   2.31999999999999e+00   5.93419473916061e-05
   2.32999999999999e+00   5.91690098947919e-05
   2.33999999999999e+00   5.89970474874655e-05
   2.34999999999999e+00   5.88260522901648e-05
   2.35999999999999e+00   5.86560165030930e-05
   2.36999999999999e+00   5.84869324052020e-05
   2.37999999999999e+00   5.83187923532889e-05
   2.38999999999999e+00   5.81515887811026e-05
   2.39999999999999e+00   5.79853141984597e-05
   2.40999999999999e+00   5.78199611903727e-05
   2.41999999999999e+00   5.76555224161861e-05
   2.42999999999999e+00   5.74919906087252e-05
   2.43999999999999e+00   5.73293585734527e-05
   2.44999999999999e+00   5.71676191876371e-05
   2.45999999999999e+00   5.70067653995294e-05
   2.46999999999999e+00   5.68467902275509e-05
   2.47999999999999e+00   5.66876867594899e-05
   2.48999999999999e+00   5.65294481517084e-05
   2.49999999999999e+00   5.63720676283581e-05
   2.50999999999999e+00   5.62155384806052e-05
   2.51999999999999e+00   5.60598540658664e-05
   2.52999999999999e+00   5.59050078070514e-05
   2.53999999999999e+00   5.57509931918168e-05
   2.54999999999999e+00   5.55978037718281e-05
   2.55999999999999e+00   5.54454331620300e-05
   2.56999999999999e+00   5.52938750399269e-05
   2.57999999999999e+00   5.51431231448710e-05
   2.58999999999999e+00   5.49931712773590e-05
   2.59999999999999e+00   5.48440132983386e-05
   2.60999999999999e+00   5.46956431285221e-05
   2.61999999999999e+00   5.45480547477082e-05
   2.62999999999999e+00   5.44012421941137e-05
   2.63999999999999e+00   5.42551995637116e-05
   2.64999999999999e+00   5.41099210095777e-05
   2.65999999999999e+00   5.39654007412464e-05
   2.66999999999999e+00   5.38216330240721e-05
   2.67999999999999e+00   5.36786121786003e-05
   2.68999999999999e+00   5.35363325799461e-05
   2.69999999999999e+00   5.33947886571790e-05
   2.70999999999999e+00   5.32539748927168e-05
   2.71999999999999e+00   5.31138858217263e-05
   2.72999999999999e+00   5.29745160315305e-05
   2.73999999999999e+00   5.28358601610249e-05
   2.74999999999999e+00   5.26979129000990e-05
   2.75999999999999e+00   5.25606689890663e-05
   2.76999999999998e+00   5.24241232181007e-05
   2.77999999999998e+00   5.22882704266795e-05
   2.78999999999998e+00   5.21531055030336e-05
   2.79999999999998e+00   5.20186233836049e-05
   2.80999999999998e+00   5.18848190525096e-05
   2.81999999999998e+00   5.17516875410077e-05
   2.82999999999998e+00   5.16192239269806e-05
   2.83999999999998e+00   5.14874233344135e-05
   2.84999999999998e+00   5.13562809328853e-05
   2.85999999999998e+00   5.12257919370631e-05
   2.86999999999998e+00   5.10959516062054e-05
   2.87999999999998e+00   5.09667552436688e-05
   2.88999999999998e+00   5.08381981964227e-05
   2.89999999999998e+00   5.07102758545687e-05
   2.90999999999998e+00   5.05829836508664e-05
   2.91999999999998e+00   5.04563170602650e-05
   2.92999999999998e+00   5.03302715994405e-05
   2.93999999999998e+00   5.02048428263389e-05
   2.94999999999998e+00   5.00800263397240e-05
   2.95999999999998e+00   4.99558177787318e-05
   2.96999999999998e+00   4.98322128224301e-05
   2.97999999999998e+00   4.97092071893831e-05
   2.98999999999998e+00   4.95867966372215e-05
   2.99999999999998e+00   4.94649769622178e-05
   3.00999999999998e+00   4.93437439988670e-05
   3.01999999999998e+00   4.92230936194721e-05
   3.02999999999998e+00   4.91030217337349e-05
   3.03999999999998e+00   4.89835242883515e-05
   3.04999999999998e+00   4.88645972666127e-05
   3.05999999999998e+00   4.87462366880100e-05
   3.06999999999998e+00   4.86284386078452e-05
   3.07999999999998e+00   4.85111991168454e-05
   3.08999999999998e+00   4.83945143407829e-05
   3.09999999999998e+00   4.82783804400994e-05
   3.10999999999998e+00   4.81627936095339e-05
   3.11999999999998e+00   4.80477500777574e-05
   3.12999999999998e+00   4.79332461070092e-05
   3.13999999999998e+00   4.78192779927397e-05
   3.14999999999998e+00   4.77058420632564e-05
   3.15999999999998e+00   4.75929346793747e-05
   3.16999999999998e+00   4.74805522340728e-05
   3.17999999999998e+00   4.73686911521505e-05
   3.18999999999998e+00   4.72573478898921e-05
   3.19999999999998e+00   4.71465189347341e-05
   3.20999999999998e+00   4.70362008049357e-05
   3.21999999999998e+00   4.69263900492544e-05
   3.22999999999998e+00   4.68170832466245e-05
   3.23999999999997e+00   4.67082770058399e-05
   3.24999999999997e+00   4.65999679652412e-05
   3.25999999999997e+00   4.64921527924060e-05
   3.26999999999997e+00   4.63848281838419e-05
   3.27999999999997e+00   4.62779908646853e-05
   3.28999999999997e+00   4.61716375884025e-05
   3.29999999999997e+00   4.60657651364941e-05
   3.30999999999997e+00   4.59603703182037e-05
   3.31999999999997e+00   4.58554499702295e-05
   3.32999999999997e+00   4.57510009564398e-05
   3.33999999999997e+00   4.56470201675913e-05
   3.34999999999997e+00   4.55435045210511e-05
   3.35999999999997e+00   4.54404509605223e-05
   3.36999999999997e+00   4.53378564557720e-05
   3.37999999999997e+00   4.52357180023628e-05
   3.38999999999997e+00   4.51340326213887e-05
   3.39999999999997e+00   4.50327973592118e-05
   3.40999999999997e+00   4.49320092872039e-05
   3.41999999999997e+00   4.48316655014910e-05
   3.42999999999997e+00   4.47317631226994e-05
   3.43999999999997e+00   4.46322992957069e-05
   3.44999999999997e+00   4.45332711893946e-05
   3.45999999999997e+00   4.44346759964040e-05
   3.46999999999997e+00   4.43365109328946e-05
   3.47999999999997e+00   4.42387732383062e-05
   3.48999999999997e+00   4.41414601751231e-05
   3.49999999999997e+00   4.40445690286407e-05
   3.50999999999997e+00   4.39480971067358e-05
   3.51999999999997e+00   4.38520417396390e-05
   3.52999999999997e+00   4.37564002797094e-05
   3.53999999999997e+00   4.36611701012128e-05
   3.54999999999997e+00   4.35663486001013e-05
   3.55999999999997e+00   4.34719331937971e-05
   3.56999999999997e+00   4.33779213209769e-05
   3.57999999999997e+00   4.32843104413602e-05
   3.58999999999997e+00   4.31910980354991e-05
   3.59999999999997e+00   4.30982816045718e-05
   3.60999999999997e+00   4.30058586701766e-05
   3.61999999999997e+00   4.29138267741297e-05
   3.62999999999997e+00   4.28221834782655e-05
   3.63999999999997e+00   4.27309263642377e-05
   3.64999999999997e+00   4.26400530333238e-05
   3.65999999999997e+00   4.25495611062322e-05
   3.66999999999997e+00   4.24594482229101e-05
   3.67999999999997e+00   4.23697120423550e-05
   3.68999999999997e+00   4.22803502424272e-05
   3.69999999999997e+00   4.21913605196656e-05
   3.70999999999996e+00   4.21027405891043e-05
   3.71999999999996e+00   4.20144881840925e-05
   3.72999999999996e+00   4.19266010561154e-05
   3.73999999999996e+00   4.18390769746180e-05
   3.74999999999996e+00   4.17519137268302e-05
   3.75999999999996e+00   4.16651091175946e-05
   3.76999999999996e+00   4.15786609691947e-05
   3.77999999999996e+00   4.14925671211880e-05
   3.78999999999996e+00   4.14068254302369e-05
   3.79999999999996e+00   4.13214337699456e-05
   3.80999999999996e+00   4.12363900306958e-05
   3.81999999999996e+00   4.11516921194859e-05
   3.82999999999996e+00   4.10673379597709e-05
   3.83999999999996e+00   4.09833254913055e-05
   3.84999999999996e+00   4.08996526699874e-05
   3.85999999999996e+00   4.08163174677031e-05
   3.86999999999996e+00   4.07333178721758e-05
   3.87999999999996e+00   4.06506518868140e-05
   3.88999999999996e+00   4.05683175305628e-05
   3.89999999999996e+00   4.04863128377560e-05
   3.90999999999996e+00   4.04046358579705e-05
   3.91999999999996e+00   4.03232846558816e-05
   3.92999999999996e+00   4.02422573111207e-05
   3.93999999999996e+00   4.01615519181342e-05
   3.94999999999996e+00   4.00811665860432e-05
   3.95999999999996e+00   4.00010994385067e-05
   3.96999999999996e+00   3.99213486135838e-05
   3.97999999999996e+00   3.98419122635996e-05
   3.98999999999996e+00   3.97627885550110e-05
   3.99999999999996e+00   3.96839756682750e-05
   4.00999999999996e+00   3.96054717977179e-05
   4.01999999999996e+00   3.95272751514061e-05
   4.02999999999996e+00   3.94493839510180e-05
   4.03999999999996e+00   3.93717964317180e-05
   4.04999999999996e+00   3.92945108420312e-05
   4.05999999999996e+00   3.92175254437196e-05
   4.06999999999996e+00   3.91408385116598e-05
   4.07999999999996e+00   3.90644483337220e-05
   4.08999999999996e+00   3.89883532106500e-05
   4.09999999999996e+00   3.89125514559432e-05
   4.10999999999996e+00   3.88370413957388e-05
   4.11999999999996e+00   3.87618213686964e-05
   4.12999999999996e+00   3.86868897258831e-05
   4.13999999999996e+00   3.86122448306600e-05
   4.14999999999996e+00   3.85378850585698e-05
   4.15999999999996e+00   3.84638087972262e-05
   4.16999999999996e+00   3.83900144462034e-05
   4.17999999999996e+00   3.83165004169284e-05
   4.18999999999996e+00   3.82432651325721e-05
   4.19999999999995e+00   3.81703070279441e-05
   4.20999999999995e+00   3.80976245493867e-05
   4.21999999999995e+00   3.80252161546713e-05
   4.22999999999995e+00   3.79530803128947e-05
   4.23999999999995e+00   3.78812155043778e-05
   4.24999999999995e+00   3.78096202205641e-05
   4.25999999999995e+00   3.77382929639202e-05
   4.26999999999995e+00   3.76672322478374e-05
   4.27999999999995e+00   3.75964365965330e-05
   4.28999999999995e+00   3.75259045449544e-05
   4.29999999999995e+00   3.74556346386832e-05
   4.30999999999995e+00   3.73856254338402e-05
   4.31999999999995e+00   3.73158754969920e-05
   4.32999999999995e+00   3.72463834050585e-05
   4.33999999999995e+00   3.71771477452202e-05
   4.34999999999995e+00   3.71081671148284e-05
   4.35999999999995e+00   3.70394401213148e-05
   4.36999999999995e+00   3.69709653821028e-05
   4.37999999999995e+00   3.69027415245192e-05
   4.38999999999995e+00   3.68347671857073e-05
   4.39999999999995e+00   3.67670410125407e-05
   4.40999999999995e+00   3.66995616615379e-05
   4.41999999999995e+00   3.66323277987777e-05
   4.42999999999995e+00   3.65653380998161e-05
   4.43999999999995e+00   3.64985912496030e-05
   4.44999999999995e+00   3.64320859424008e-05
   4.45999999999995e+00   3.63658208817032e-05
   4.46999999999995e+00   3.62997947801549e-05
   4.47999999999995e+00   3.62340063594722e-05
   4.48999999999995e+00   3.61684543503647e-05
   4.49999999999995e+00   3.61031374924574e-05
   4.50999999999995e+00   3.60380545342134e-05
   4.51999999999995e+00   3.59732042328582e-05
   4.52999999999995e+00   3.59085853543041e-05
   4.53999999999995e+00   3.58441966730754e-05
   4.54999999999995e+00   3.57800369722343e-05
   4.55999999999995e+00   3.57161050433084e-05
   4.56999999999995e+00   3.56523996862177e-05
   4.57999999999995e+00   3.55889197092031e-05
   4.58999999999995e+00   3.55256639287554e-05
   4.59999999999995e+00   3.54626311695451e-05
   4.60999999999995e+00   3.53998202643527e-05
   4.61999999999995e+00   3.53372300540000e-05
   4.62999999999995e+00   3.52748593872818e-05
   4.63999999999995e+00   3.52127071208983e-05
   4.64999999999995e+00   3.51507721193887e-05
   4.65999999999995e+00   3.50890532550647e-05
   4.66999999999994e+00   3.50275494079448e-05
   4.67999999999994e+00   3.49662594656903e-05
   4.68999999999994e+00   3.49051823235399e-05
   4.69999999999994e+00   3.48443168842471e-05
   4.70999999999994e+00   3.47836620580168e-05
   4.71999999999994e+00   3.47232167624432e-05
   4.72999999999994e+00   3.46629799224478e-05
   4.73999999999994e+00   3.46029504702186e-05
   4.74999999999994e+00   3.45431273451495e-05
   4.75999999999994e+00   3.44835094937803e-05
   4.76999999999994e+00   3.44240958697376e-05
   4.77999999999994e+00   3.43648854336757e-05
   4.78999999999994e+00   3.43058771532189e-05
   4.79999999999994e+00   3.42470700029034e-05
   4.80999999999994e+00   3.41884629641209e-05
   4.81999999999994e+00   3.41300550250614e-05
   4.82999999999994e+00   3.40718451806578e-05
   4.83999999999994e+00   3.40138324325303e-05
   4.84999999999994e+00   3.39560157889317e-05
   4.85999999999994e+00   3.38983942646928e-05
   4.86999999999994e+00   3.38409668811688e-05
   4.87999999999994e+00   3.37837326661860e-05
   4.88999999999994e+00   3.37266906539893e-05
   4.89999999999994e+00   3.36698398851892e-05
   4.90999999999994e+00   3.36131794067110e-05
   4.91999999999994e+00   3.35567082717428e-05
   4.92999999999994e+00   3.35004255396851e-05
   4.93999999999994e+00   3.34443302761004e-05
   4.94999999999994e+00   3.33884215526635e-05
   4.95999999999994e+00   3.33326984471121e-05
   4.96999999999994e+00   3.32771600431979e-05
   4.97999999999994e+00   3.32218054306384e-05
   4.98999999999994e+00   3.31666337050688e-05
   4.99999999999994e+00   3.31116439679945e-05
   5.00999999999994e+00   3.30568353267443e-05
   5.01999999999994e+00   3.30022068944235e-05
   5.02999999999994e+00   3.29477577898682e-05
   5.03999999999994e+00   3.28934871375991e-05
   5.04999999999994e+00   3.28393940677767e-05
   5.05999999999994e+00   3.27854777161559e-05
   5.06999999999994e+00   3.27317372240422e-05
   5.07999999999994e+00   3.26781717382473e-05
   5.08999999999994e+00   3.26247804110457e-05
   5.09999999999994e+00   3.25715624001312e-05
   5.10999999999994e+00   3.25185168685747e-05
   5.11999999999994e+00   3.24656429847809e-05
   5.12999999999994e+00   3.24129399224476e-05
   5.13999999999993e+00   3.23604068605226e-05
   5.14999999999993e+00   3.23080429831639e-05
   5.15999999999993e+00   3.22558474796979e-05
   5.16999999999993e+00   3.22038195445794e-05
   5.17999999999993e+00   3.21519583773513e-05
   5.18999999999993e+00   3.21002631826052e-05
   5.19999999999993e+00   3.20487331699418e-05
   5.20999999999993e+00   3.19973675539318e-05
   5.21999999999993e+00   3.19461655540779e-05
   5.22999999999993e+00   3.18951263947757e-05
   5.23999999999993e+00   3.18442493052765e-05
   5.24999999999993e+00   3.17935335196494e-05
   5.25999999999993e+00   3.17429782767439e-05
   5.26999999999993e+00   3.16925828201537e-05
   5.27999999999993e+00   3.16423463981794e-05
   5.28999999999993e+00   3.15922682637926e-05
   5.29999999999993e+00   3.15423476746003e-05
   5.30999999999993e+00   3.14925838928087e-05
   5.31999999999993e+00   3.14429761851887e-05
   5.32999999999993e+00   3.13935238230405e-05
   5.33999999999993e+00   3.13442260821591e-05
   5.34999999999993e+00   3.12950822428003e-05
   5.35999999999993e+00   3.12460915896463e-05
   5.36999999999993e+00   3.11972534117722e-05
   5.37999999999993e+00   3.11485670026129e-05
   5.38999999999993e+00   3.11000316599296e-05
   5.39999999999993e+00   3.10516466857775e-05
   5.40999999999993e+00   3.10034113864729e-05
   5.41999999999993e+00   3.09553250725612e-05
   5.42999999999993e+00   3.09073870587852e-05
   5.43999999999993e+00   3.08595966640531e-05
   5.44999999999993e+00   3.08119532114076e-05
   5.45999999999993e+00   3.07644560279946e-05
   5.46999999999993e+00   3.07171044450323e-05
   5.47999999999993e+00   3.06698977977812e-05
   5.48999999999993e+00   3.06228354255133e-05
   5.49999999999993e+00   3.05759166714825e-05
   5.50999999999993e+00   3.05291408828948e-05
   5.51999999999993e+00   3.04825074108790e-05
   5.52999999999993e+00   3.04360156104572e-05
   5.53999999999993e+00   3.03896648405165e-05
   5.54999999999993e+00   3.03434544637796e-05
   5.55999999999993e+00   3.02973838467767e-05
   5.56999999999993e+00   3.02514523598178e-05
   5.57999999999993e+00   3.02056593769640e-05
   5.58999999999993e+00   3.01600042760005e-05
   5.59999999999993e+00   3.01144864384088e-05
   5.60999999999992e+00   3.00691052493393e-05
   5.61999999999992e+00   3.00238600975854e-05
   5.62999999999992e+00   2.99787503755553e-05
   5.63999999999992e+00   2.99337754792469e-05
   5.64999999999992e+00   2.98889348082205e-05
   5.65999999999992e+00   2.98442277655735e-05
   5.66999999999992e+00   2.97996537579141e-05
   5.67999999999992e+00   2.97552121953362e-05
   5.68999999999992e+00   2.97109024913936e-05
   5.69999999999992e+00   2.96667240630752e-05
   5.70999999999992e+00   2.96226763307799e-05
   5.71999999999992e+00   2.95787587182920e-05
   5.72999999999992e+00   2.95349706527565e-05
   5.73999999999992e+00   2.94913115646554e-05
   5.74999999999992e+00   2.94477808877827e-05
   5.75999999999992e+00   2.94043780592213e-05
   5.76999999999992e+00   2.93611025193194e-05
   5.77999999999992e+00   2.93179537116660e-05
   5.78999999999992e+00   2.92749310830693e-05
   5.79999999999992e+00   2.92320340835319e-05
   5.80999999999992e+00   2.91892621662294e-05
   5.81999999999992e+00   2.91466147874866e-05
   5.82999999999992e+00   2.91040914067558e-05
   5.83999999999992e+00   2.90616914865941e-05
   5.84999999999992e+00   2.90194144926417e-05
   5.85999999999992e+00   2.89772598935993e-05
   5.86999999999992e+00   2.89352271612072e-05
   5.87999999999992e+00   2.88933157702229e-05
   5.88999999999992e+00   2.88515251984008e-05
   5.89999999999992e+00   2.88098549264698e-05
   5.90999999999992e+00   2.87683044381133e-05
   5.91999999999992e+00   2.87268732199480e-05
   5.92999999999992e+00   2.86855607615028e-05
   5.93999999999992e+00   2.86443665551992e-05
   5.94999999999992e+00   2.86032900963304e-05
   5.95999999999992e+00   2.85623308830413e-05
   5.96999999999992e+00   2.85214884163084e-05
   5.97999999999992e+00   2.84807621999203e-05
   5.98999999999992e+00   2.84401517404578e-05
   5.99999999999992e+00   2.83996565472746e-05
   6.00999999999992e+00   2.83592761324776e-05
   6.01999999999992e+00   2.83190100109085e-05
   6.02999999999992e+00   2.82788577001238e-05
   6.03999999999992e+00   2.82388187203768e-05
   6.04999999999992e+00   2.81988925945987e-05
   6.05999999999992e+00   2.81590788483797e-05
   6.06999999999992e+00   2.81193770099510e-05
   6.07999999999991e+00   2.80797866101666e-05
   6.08999999999991e+00   2.80403071824849e-05
   6.09999999999991e+00   2.80009382629509e-05
   6.10999999999991e+00   2.79616793901786e-05
   6.11999999999991e+00   2.79225301053335e-05
   6.12999999999991e+00   2.78834899521142e-05
   6.13999999999991e+00   2.78445584767363e-05
   6.14999999999991e+00   2.78057352279142e-05
   6.15999999999991e+00   2.77670197568444e-05
   6.16999999999991e+00   2.77284116171889e-05
   6.17999999999991e+00   2.76899103650576e-05
   6.18999999999991e+00   2.76515155589926e-05
   6.19999999999991e+00   2.76132267599508e-05
   6.20999999999991e+00   2.75750435312883e-05
   6.21999999999991e+00   2.75369654387431e-05
   6.22999999999991e+00   2.74989920504204e-05
   6.23999999999991e+00   2.74611229367753e-05
   6.24999999999991e+00   2.74233576705975e-05
   6.25999999999991e+00   2.73856958269957e-05
   6.26999999999991e+00   2.73481369833818e-05
   6.27999999999991e+00   2.73106807194552e-05
   6.28999999999991e+00   2.72733266171876e-05
   6.29999999999991e+00   2.72360742608081e-05
   6.30999999999991e+00   2.71989232367876e-05
   6.31999999999991e+00   2.71618731338240e-05
   6.32999999999991e+00   2.71249235428272e-05
   6.33999999999991e+00   2.70880740569045e-05
   6.34999999999991e+00   2.70513242713459e-05
   6.35999999999991e+00   2.70146737836096e-05
   6.36999999999991e+00   2.69781221933073e-05
   6.37999999999991e+00   2.69416691021905e-05
   6.38999999999991e+00   2.69053141141357e-05
   6.39999999999991e+00   2.68690568351306e-05
   6.40999999999991e+00   2.68328968732601e-05
   6.41999999999991e+00   2.67968338386926e-05
   6.42999999999991e+00   2.67608673436660e-05
   6.43999999999991e+00   2.67249970024741e-05
   6.44999999999991e+00   2.66892224314532e-05
   6.45999999999991e+00   2.66535432489686e-05
   6.46999999999991e+00   2.66179590754015e-05
   6.47999999999991e+00   2.65824695331353e-05
   6.48999999999991e+00   2.65470742465427e-05
   6.49999999999991e+00   2.65117728419732e-05
   6.50999999999991e+00   2.64765649477393e-05
   6.51999999999991e+00   2.64414501941043e-05
   6.52999999999991e+00   2.64064282132695e-05
   6.53999999999991e+00   2.63714986393614e-05
   6.54999999999990e+00   2.63366611084193e-05
   6.55999999999990e+00   2.63019152583830e-05
   6.56999999999990e+00   2.62672607290804e-05
   6.57999999999990e+00   2.62326971622149e-05
   6.58999999999990e+00   2.61982242013541e-05
   6.59999999999990e+00   2.61638414919169e-05
   6.60999999999990e+00   2.61295486811621e-05
   6.61999999999990e+00   2.60953454181763e-05
   6.62999999999990e+00   2.60612313538623e-05
   6.63999999999990e+00   2.60272061409273e-05
   6.64999999999990e+00   2.59932694338713e-05
   6.65999999999990e+00   2.59594208889757e-05
   6.66999999999990e+00   2.59256601642919e-05
   6.67999999999990e+00   2.58919869196299e-05
   6.68999999999990e+00   2.58584008165472e-05
   6.69999999999990e+00   2.58249015183373e-05
   6.70999999999990e+00   2.57914886900192e-05
   6.71999999999990e+00   2.57581619983260e-05
   6.72999999999990e+00   2.57249211116941e-05
   6.73999999999990e+00   2.56917657002523e-05
   6.74999999999990e+00   2.56586954358114e-05
   6.75999999999990e+00   2.56257099918530e-05
   6.76999999999990e+00   2.55928090435198e-05
   6.77999999999990e+00   2.55599922676040e-05
   6.78999999999990e+00   2.55272593425377e-05
   6.79999999999990e+00   2.54946099483824e-05
   6.80999999999990e+00   2.54620437668184e-05
   6.81999999999990e+00   2.54295604811352e-05
   6.82999999999990e+00   2.53971597762209e-05
   6.83999999999990e+00   2.53648413385523e-05
   6.84999999999990e+00   2.53326048561852e-05
   6.85999999999990e+00   2.53004500187441e-05
   6.86999999999990e+00   2.52683765174128e-05
   6.87999999999990e+00   2.52363840449245e-05
   6.88999999999990e+00   2.52044722955518e-05
   6.89999999999990e+00   2.51726409650980e-05
   6.90999999999990e+00   2.51408897508866e-05
   6.91999999999990e+00   2.51092183517524e-05
   6.92999999999990e+00   2.50776264680320e-05
   6.93999999999990e+00   2.50461138015546e-05
   6.94999999999990e+00   2.50146800556326e-05
   6.95999999999990e+00   2.49833249350524e-05
   6.96999999999990e+00   2.49520481460656e-05
   6.97999999999990e+00   2.49208493963794e-05
   6.98999999999990e+00   2.48897283951485e-05
   6.99999999999990e+00   2.48586848529653e-05
   7.00999999999989e+00   2.48277184818516e-05
   7.01999999999989e+00   2.47968289952496e-05
   7.02999999999989e+00   2.47660161080134e-05
   7.03999999999989e+00   2.47352795364001e-05
   7.04999999999989e+00   2.47046189980615e-05
   7.05999999999989e+00   2.46740342120351e-05
   7.06999999999989e+00   2.46435248987364e-05
   7.07999999999989e+00   2.46130907799498e-05
   7.08999999999989e+00   2.45827315788207e-05
   7.09999999999989e+00   2.45524470198469e-05
   7.10999999999989e+00   2.45222368288705e-05
   7.11999999999989e+00   2.44921007330701e-05
   7.12999999999989e+00   2.44620384609522e-05
   7.13999999999989e+00   2.44320497423434e-05
   7.14999999999989e+00   2.44021343083823e-05
   7.15999999999989e+00   2.43722918915119e-05
   7.16999999999989e+00   2.43425222254712e-05
   7.17999999999989e+00   2.43128250452880e-05
   7.18999999999989e+00   2.42832000872706e-05
   7.19999999999989e+00   2.42536470890004e-05
   7.20999999999989e+00   2.42241657893244e-05
   7.21999999999989e+00   2.41947559283471e-05
   7.22999999999989e+00   2.41654172474235e-05
   7.23999999999989e+00   2.41361494891514e-05
   7.24999999999989e+00   2.41069523973639e-05
   7.25999999999989e+00   2.40778257171222e-05
   7.26999999999989e+00   2.40487691947080e-05
   7.27999999999989e+00   2.40197825776167e-05
   7.28999999999989e+00   2.39908656145497e-05
   7.29999999999989e+00   2.39620180554076e-05
   7.30999999999989e+00   2.39332396512829e-05
   7.31999999999989e+00   2.39045301544528e-05
   7.32999999999989e+00   2.38758893183725e-05
   7.33999999999989e+00   2.38473168976680e-05
   7.34999999999989e+00   2.38188126481295e-05
   7.35999999999989e+00   2.37903763267041e-05
   7.36999999999989e+00   2.37620076914891e-05
   7.37999999999989e+00   2.37337065017256e-05
   7.38999999999989e+00   2.37054725177912e-05
   7.39999999999989e+00   2.36773055011939e-05
   7.40999999999989e+00   2.36492052145651e-05
   7.41999999999989e+00   2.36211714216530e-05
   7.42999999999989e+00   2.35932038873161e-05
   7.43999999999989e+00   2.35653023775172e-05
   7.44999999999989e+00   2.35374666593161e-05
   7.45999999999989e+00   2.35096965008639e-05
   7.46999999999989e+00   2.34819916713962e-05
   7.47999999999988e+00   2.34543519412272e-05
   7.48999999999988e+00   2.34267770817429e-05
   7.49999999999988e+00   2.33992668653955e-05
   7.50999999999988e+00   2.33718210656967e-05
   7.51999999999988e+00   2.33444394572118e-05
   7.52999999999988e+00   2.33171218155534e-05
   7.53999999999988e+00   2.32898679173759e-05
   7.54999999999988e+00   2.32626775403688e-05
   7.55999999999988e+00   2.32355504632511e-05
   7.56999999999988e+00   2.32084864657652e-05
   7.57999999999988e+00   2.31814853286713e-05
   7.58999999999988e+00   2.31545468337413e-05
   7.59999999999988e+00   2.31276707637528e-05
   7.60999999999988e+00   2.31008569024839e-05
   7.61999999999988e+00   2.30741050347071e-05
   7.62999999999988e+00   2.30474149461836e-05
   7.63999999999988e+00   2.30207864236577e-05
   7.64999999999988e+00   2.29942192548511e-05
   7.65999999999988e+00   2.29677132284576e-05
   7.66999999999988e+00   2.29412681341374e-05
   7.67999999999988e+00   2.29148837625114e-05
   7.68999999999988e+00   2.28885599051562e-05
   7.69999999999988e+00   2.28622963545981e-05
   7.70999999999988e+00   2.28360929043082e-05
   7.71999999999988e+00   2.28099493486967e-05
   7.72999999999988e+00   2.27838654831082e-05
   7.73999999999988e+00   2.27578411038153e-05
   7.74999999999988e+00   2.27318760080146e-05
   7.75999999999988e+00   2.27059699938206e-05
   7.76999999999988e+00   2.26801228602610e-05
   7.77999999999988e+00   2.26543344072712e-05
   7.78999999999988e+00   2.26286044356897e-05
   7.79999999999988e+00   2.26029327472525e-05
   7.80999999999988e+00   2.25773191445885e-05
   7.81999999999988e+00   2.25517634312141e-05
   7.82999999999988e+00   2.25262654115285e-05
   7.83999999999988e+00   2.25008248908088e-05
   7.84999999999988e+00   2.24754416752047e-05
   7.85999999999988e+00   2.24501155717344e-05
   7.86999999999988e+00   2.24248463882788e-05
   7.87999999999988e+00   2.23996339335775e-05
   7.88999999999988e+00   2.23744780172235e-05
   7.89999999999988e+00   2.23493784496589e-05
   7.90999999999988e+00   2.23243350421697e-05
   7.91999999999988e+00   2.22993476068816e-05
   7.92999999999988e+00   2.22744159567550e-05
   7.93999999999988e+00   2.22495399055805e-05
   7.94999999999987e+00   2.22247192679744e-05
   7.95999999999987e+00   2.21999538593741e-05
   7.96999999999987e+00   2.21752434960334e-05
   7.97999999999987e+00   2.21505879950183e-05
   7.98999999999987e+00   2.21259871742023e-05
   7.99999999999987e+00   2.21014408522621e-05
   8.00999999999987e+00   2.20769488486731e-05
   8.01999999999987e+00   2.20525109837051e-05
   8.02999999999987e+00   2.20281270784178e-05
   8.03999999999987e+00   2.20037969546566e-05
   8.04999999999987e+00   2.19795204350485e-05
   8.05999999999987e+00   2.19552973429974e-05
   8.06999999999987e+00   2.19311275026801e-05
   8.07999999999987e+00   2.19070107390421e-05
   8.08999999999987e+00   2.18829468777936e-05
   8.09999999999987e+00   2.18589357454048e-05
   8.10999999999987e+00   2.18349771691024e-05
   8.11999999999987e+00   2.18110709768649e-05
   8.12999999999987e+00   2.17872169974191e-05
   8.13999999999987e+00   2.17634150602356e-05
   8.14999999999987e+00   2.17396649955252e-05
   8.15999999999987e+00   2.17159666342344e-05
   8.16999999999987e+00   2.16923198080416e-05
   8.17999999999987e+00   2.16687243493538e-05
   8.18999999999987e+00   2.16451800913016e-05
   8.19999999999987e+00   2.16216868677358e-05
   8.20999999999987e+00   2.15982445132239e-05
   8.21999999999987e+00   2.15748528630458e-05
   8.22999999999987e+00   2.15515117531899e-05
   8.23999999999987e+00   2.15282210203498e-05
   8.24999999999987e+00   2.15049805019198e-05
   8.25999999999987e+00   2.14817900359921e-05
   8.26999999999987e+00   2.14586494613521e-05
   8.27999999999987e+00   2.14355586174755e-05
   8.28999999999987e+00   2.14125173445239e-05
   8.29999999999987e+00   2.13895254833419e-05
   8.30999999999987e+00   2.13665828754530e-05
   8.31999999999987e+00   2.13436893630558e-05
   8.32999999999987e+00   2.13208447890211e-05
   8.33999999999987e+00   2.12980489968877e-05
   8.34999999999987e+00   2.12753018308591e-05
   8.35999999999987e+00   2.12526031358001e-05
   8.36999999999987e+00   2.12299527572331e-05
   8.37999999999987e+00   2.12073505413348e-05
   8.38999999999987e+00   2.11847963349327e-05
   8.39999999999987e+00   2.11622899855015e-05
   8.40999999999987e+00   2.11398313411598e-05
   8.41999999999986e+00   2.11174202506670e-05
   8.42999999999986e+00   2.10950565634196e-05
   8.43999999999986e+00   2.10727401294478e-05
   8.44999999999986e+00   2.10504707994123e-05
   8.45999999999986e+00   2.10282484246013e-05
   8.46999999999986e+00   2.10060728569268e-05
   8.47999999999986e+00   2.09839439489212e-05
   8.48999999999986e+00   2.09618615537349e-05
   8.49999999999986e+00   2.09398255251319e-05
   8.50999999999986e+00   2.09178357174878e-05
   8.51999999999986e+00   2.08958919857856e-05
   8.52999999999986e+00   2.08739941856133e-05
   8.53999999999986e+00   2.08521421731601e-05
   8.54999999999986e+00   2.08303358052140e-05
   8.55999999999986e+00   2.08085749391580e-05
   8.56999999999986e+00   2.07868594329675e-05
   8.57999999999986e+00   2.07651891452072e-05
   8.58999999999986e+00   2.07435639350276e-05
   8.59999999999986e+00   2.07219836621626e-05
   8.60999999999986e+00   2.07004481869260e-05
   8.61999999999986e+00   2.06789573702089e-05
   8.62999999999986e+00   2.06575110734763e-05
   8.63999999999986e+00   2.06361091587647e-05
   8.64999999999986e+00   2.06147514886785e-05
   8.65999999999986e+00   2.05934379263878e-05
   8.66999999999986e+00   2.05721683356249e-05
   8.67999999999986e+00   2.05509425806818e-05
   8.68999999999986e+00   2.05297605264069e-05
   8.69999999999986e+00   2.05086220382030e-05
   8.70999999999986e+00   2.04875269820235e-05
   8.71999999999986e+00   2.04664752243701e-05
   8.72999999999986e+00   2.04454666322901e-05
   8.73999999999986e+00   2.04245010733732e-05
   8.74999999999986e+00   2.04035784157492e-05
   8.75999999999986e+00   2.03826985280850e-05
   8.76999999999986e+00   2.03618612795819e-05
   8.77999999999986e+00   2.03410665399728e-05
   8.78999999999986e+00   2.03203141795198e-05
   8.79999999999986e+00   2.02996040690114e-05
   8.80999999999986e+00   2.02789360797596e-05
   8.81999999999986e+00   2.02583100835975e-05
   8.82999999999986e+00   2.02377259528767e-05
   8.83999999999986e+00   2.02171835604645e-05
   8.84999999999986e+00   2.01966827797414e-05
   8.85999999999986e+00   2.01762234845987e-05
   8.86999999999986e+00   2.01558055494357e-05
   8.87999999999986e+00   2.01354288491569e-05
   8.88999999999985e+00   2.01150932591702e-05
   8.89999999999985e+00   2.00947986553838e-05
   8.90999999999985e+00   2.00745449142038e-05
   8.91999999999985e+00   2.00543319125318e-05
   8.92999999999985e+00   2.00341595277624e-05
   8.93999999999985e+00   2.00140276377808e-05
   8.94999999999985e+00   1.99939361209601e-05
   8.95999999999985e+00   1.99738848561591e-05
   8.96999999999985e+00   1.99538737227201e-05
   8.97999999999985e+00   1.99339026004660e-05
   8.98999999999985e+00   1.99139713696981e-05
   8.99999999999985e+00   1.98940799111938e-05
   9.00999999999985e+00   1.98742281062045e-05
   9.01999999999985e+00   1.98544158364526e-05
   9.02999999999985e+00   1.98346429841298e-05
   9.03999999999985e+00   1.98149094318942e-05
   9.04999999999985e+00   1.97952150628689e-05
   9.05999999999985e+00   1.97755597606384e-05
   9.06999999999985e+00   1.97559434092477e-05
   9.07999999999985e+00   1.97363658931989e-05
   9.08999999999985e+00   1.97168270974498e-05
   9.09999999999985e+00   1.96973269074111e-05
   9.10999999999985e+00   1.96778652089444e-05
   9.11999999999985e+00   1.96584418883600e-05
   9.12999999999985e+00   1.96390568324148e-05
   9.13999999999985e+00   1.96197099283097e-05
   9.14999999999985e+00   1.96004010636879e-05
   9.15999999999985e+00   1.95811301266326e-05
   9.16999999999985e+00   1.95618970056647e-05
   9.17999999999985e+00   1.95427015897409e-05
   9.18999999999985e+00   1.95235437682511e-05
   9.19999999999985e+00   1.95044234310173e-05
   9.20999999999985e+00   1.94853404682901e-05
   9.21999999999985e+00   1.94662947707479e-05
   9.22999999999985e+00   1.94472862294941e-05
   9.23999999999985e+00   1.94283147360552e-05
   9.24999999999985e+00   1.94093801823788e-05
   9.25999999999985e+00   1.93904824608316e-05
   9.26999999999985e+00   1.93716214641972e-05
   9.27999999999985e+00   1.93527970856744e-05
   9.28999999999985e+00   1.93340092188748e-05
   9.29999999999985e+00   1.93152577578212e-05
   9.30999999999985e+00   1.92965425969451e-05
   9.31999999999985e+00   1.92778636310855e-05
   9.32999999999985e+00   1.92592207554862e-05
   9.33999999999985e+00   1.92406138657944e-05
   9.34999999999985e+00   1.92220428580582e-05
   9.35999999999984e+00   1.92035076287254e-05
   9.36999999999984e+00   1.91850080746410e-05
   9.37999999999984e+00   1.91665440930453e-05
   9.38999999999984e+00   1.91481155815726e-05
   9.39999999999984e+00   1.91297224382487e-05
   9.40999999999984e+00   1.91113645614893e-05
   9.41999999999984e+00   1.90930418500981e-05
   9.42999999999984e+00   1.90747542032649e-05
   9.43999999999984e+00   1.90565015205639e-05
   9.44999999999984e+00   1.90382837019519e-05
   9.45999999999984e+00   1.90201006477661e-05
   9.46999999999984e+00   1.90019522587227e-05
   9.47999999999984e+00   1.89838384359152e-05
   9.48999999999984e+00   1.89657590808119e-05
   9.49999999999984e+00   1.89477140952552e-05
   9.50999999999984e+00   1.89297033814587e-05
   9.51999999999984e+00   1.89117268420064e-05
   9.52999999999984e+00   1.88937843798504e-05
   9.53999999999984e+00   1.88758758983093e-05
   9.54999999999984e+00   1.88580013010666e-05
   9.55999999999984e+00   1.88401604921686e-05
   9.56999999999984e+00   1.88223533760233e-05
   9.57999999999984e+00   1.88045798573983e-05
   9.58999999999984e+00   1.87868398414191e-05
   9.59999999999984e+00   1.87691332335674e-05
   9.60999999999984e+00   1.87514599396799e-05
   9.61999999999984e+00   1.87338198659459e-05
   9.62999999999984e+00   1.87162129189063e-05
   9.63999999999984e+00   1.86986390054515e-05
   9.64999999999984e+00   1.86810980328202e-05
   9.65999999999984e+00   1.86635899085972e-05
   9.66999999999984e+00   1.86461145407126e-05
   9.67999999999984e+00   1.86286718374393e-05
   9.68999999999984e+00   1.86112617073919e-05
   9.69999999999984e+00   1.85938840595254e-05
   9.70999999999984e+00   1.85765388031328e-05
   9.71999999999984e+00   1.85592258478442e-05
   9.72999999999984e+00   1.85419451036251e-05
   9.73999999999984e+00   1.85246964807747e-05
   9.74999999999984e+00   1.85074798899245e-05
   9.75999999999984e+00   1.84902952420367e-05
   9.76999999999984e+00   1.84731424484026e-05
   9.77999999999984e+00   1.84560214206413e-05
   9.78999999999984e+00   1.84389320706979e-05
   9.79999999999984e+00   1.84218743108425e-05
   9.80999999999984e+00   1.84048480536678e-05
   9.81999999999984e+00   1.83878532120888e-05
   9.82999999999983e+00   1.83708896993402e-05
   9.83999999999983e+00   1.83539574289758e-05
   9.84999999999983e+00   1.83370563148664e-05
   9.85999999999983e+00   1.83201862711990e-05
   9.86999999999983e+00   1.83033472124745e-05
   9.87999999999983e+00   1.82865390535071e-05
   9.88999999999983e+00   1.82697617094224e-05
   9.89999999999983e+00   1.82530150956561e-05
   9.90999999999983e+00   1.82362991279527e-05
   9.91999999999983e+00   1.82196137223639e-05
   9.92999999999983e+00   1.82029587952471e-05
   9.93999999999983e+00   1.81863342632646e-05
   9.94999999999983e+00   1.81697400433814e-05
   9.95999999999983e+00   1.81531760528645e-05
   9.96999999999983e+00   1.81366422092812e-05
   9.97999999999983e+00   1.81201384304979e-05
   9.98999999999983e+00   1.81036646346785e-05
   9.99999999999983e+00   1.80872207402833e-05
