  -6.90775527898214e+00   1.00000000000000e-03
  -6.90084752370315e+00   1.05462483827329e-03
  -6.89393976842417e+00   1.20468384253519e-03
  -6.88703201314519e+00   1.45017701278570e-03
  -6.88012425786621e+00   1.79110434902482e-03
  -6.87321650258722e+00   2.22746585125255e-03
  -6.86630874730824e+00   2.75926151946889e-03
  -6.85940099202926e+00   3.38649135367385e-03
  -6.85249323675028e+00   4.10915535386741e-03
  -6.84558548147129e+00   4.92725352004959e-03
  -6.83867772619231e+00   5.84078585222038e-03
  -6.83176997091333e+00   6.84975235037978e-03
  -6.82486221563435e+00   7.95415301452779e-03
  -6.81795446035536e+00   9.15398784466441e-03
  -6.81104670507638e+00   1.04492568407896e-02
  -6.80413894979740e+00   1.18399600029035e-02
  -6.79723119451842e+00   1.33260973310059e-02
  -6.79032343923943e+00   1.49076688250970e-02
  -6.78341568396045e+00   1.65846744851767e-02
  -6.77650792868147e+00   1.83571143112450e-02
  -6.76960017340249e+00   2.02249883033019e-02
  -6.76269241812351e+00   2.21882964613474e-02
  -6.75578466284452e+00   2.42470387853815e-02
  -6.74887690756554e+00   2.64012152754042e-02
  -6.74196915228656e+00   2.86508259314156e-02
  -6.73506139700758e+00   3.09958707534155e-02
  -6.72815364172859e+00   3.34363497414041e-02
  -6.72124588644961e+00   3.59722628953813e-02
  -6.71433813117063e+00   3.86036102153471e-02
  -6.70743037589165e+00   4.13303917013015e-02
  -6.70052262061266e+00   4.41526073532445e-02
  -6.69361486533368e+00   4.70702571711761e-02
  -6.68670711005470e+00   5.00833411550963e-02
  -6.67979935477572e+00   5.31918593050052e-02
  -6.67289159949673e+00   5.63958116209026e-02
  -6.66598384421775e+00   5.96951981027887e-02
  -6.65907608893877e+00   6.30900187506633e-02
  -6.65216833365979e+00   6.65802735645266e-02
  -6.64526057838080e+00   7.01659625443785e-02
  -6.63835282310182e+00   7.38470856902190e-02
  -6.63144506782284e+00   7.76236430020482e-02
  -6.62453731254386e+00   8.14956344798659e-02
  -6.61762955726487e+00   8.54630601236722e-02
  -6.61072180198589e+00   8.95259199334672e-02
  -6.60381404670691e+00   9.36842139092507e-02
  -6.59690629142793e+00   9.79379420510229e-02
  -6.58999853614894e+00   1.02287104358784e-01
  -6.58309078086996e+00   1.06731700832533e-01
  -6.57618302559098e+00   1.11271731472271e-01
  -6.56927527031200e+00   1.15907196277998e-01
  -6.56236751503301e+00   1.20638095249713e-01
  -6.55545975975403e+00   1.25464428387417e-01
  -6.54855200447505e+00   1.30386195691109e-01
  -6.54164424919607e+00   1.35403397160790e-01
  -6.53473649391708e+00   1.40516032796460e-01
  -6.52782873863810e+00   1.45724102598118e-01
  -6.52092098335912e+00   1.51027606565765e-01
  -6.51401322808014e+00   1.56426544699401e-01
  -6.50710547280115e+00   1.61920916999025e-01
  -6.50019771752217e+00   1.67510723464638e-01
  -6.49328996224319e+00   1.73195964096239e-01
  -6.48638220696421e+00   1.78976638893829e-01
  -6.47947445168522e+00   1.84852747857407e-01
  -6.47256669640624e+00   1.90824290986975e-01
  -6.46565894112726e+00   1.96891268282530e-01
  -6.45875118584828e+00   2.03053679744075e-01
  -6.45184343056929e+00   2.09311525371608e-01
  -6.44493567529031e+00   2.15664805165129e-01
  -6.43802792001133e+00   2.22113519124640e-01
  -6.43112016473235e+00   2.28657667250138e-01
  -6.42421240945336e+00   2.35297249541626e-01
  -6.41730465417438e+00   2.42032265999102e-01
  -6.41039689889540e+00   2.48862716622567e-01
  -6.40348914361642e+00   2.55788601412020e-01
  -6.39658138833743e+00   2.62809920367462e-01
  -6.38967363305845e+00   2.69926673488892e-01
  -6.38276587777947e+00   2.77138860776311e-01
  -6.37585812250049e+00   2.84446482229719e-01
  -6.36895036722150e+00   2.91849537849116e-01
  -6.36204261194252e+00   2.99348027634501e-01
  -6.35513485666354e+00   3.06941951585874e-01
  -6.34822710138456e+00   3.14631309703236e-01
  -6.34131934610557e+00   3.22416101986587e-01
  -6.33441159082659e+00   3.30296328435926e-01
  -6.32750383554761e+00   3.38271989051254e-01
  -6.32059608026863e+00   3.46343083832571e-01
  -6.31368832498964e+00   3.54509612779876e-01
  -6.30678056971066e+00   3.62771575893170e-01
  -6.29987281443168e+00   3.71128973172453e-01
  -6.29296505915270e+00   3.79581804617724e-01
  -6.28605730387372e+00   3.88130070228983e-01
  -6.27914954859473e+00   3.96773770006232e-01
  -6.27224179331575e+00   4.05512903949468e-01
  -6.26533403803677e+00   4.14347472058694e-01
  -6.25842628275779e+00   4.23277474333908e-01
  -6.25151852747880e+00   4.32302910775111e-01
  -6.24461077219982e+00   4.41423781382302e-01
  -6.23770301692084e+00   4.50640086155482e-01
  -6.23079526164186e+00   4.59951825094651e-01
  -6.22388750636287e+00   4.69358998199808e-01
  -6.21697975108389e+00   4.78861605470954e-01
  -6.21007199580491e+00   4.88459646908088e-01
  -6.20316424052593e+00   4.98153122511211e-01
  -6.19625648524694e+00   5.07942032280323e-01
  -6.18934872996796e+00   5.17826376215423e-01
  -6.18244097468898e+00   5.27806154316512e-01
  -6.17553321941000e+00   5.37881366583589e-01
  -6.16862546413101e+00   5.48052013016655e-01
  -6.16171770885203e+00   5.58318093615710e-01
  -6.15480995357305e+00   5.68679608380753e-01
  -6.14790219829407e+00   5.79136557311785e-01
  -6.14099444301508e+00   5.89688940408806e-01
  -6.13408668773610e+00   6.00336757671815e-01
  -6.12717893245712e+00   6.11080009100812e-01
  -6.12027117717814e+00   6.21918694695799e-01
  -6.11336342189915e+00   6.32852814456774e-01
  -6.10645566662017e+00   6.43882368383737e-01
  -6.09954791134119e+00   6.55007356476689e-01
  -6.09264015606221e+00   6.66227778735630e-01
  -6.08573240078322e+00   6.77543635160560e-01
  -6.07882464550424e+00   6.88954925751478e-01
  -6.07191689022526e+00   7.00461650508384e-01
  -6.06500913494628e+00   7.12063809431279e-01
  -6.05810137966729e+00   7.23761402520163e-01
  -6.05119362438831e+00   7.35554429775036e-01
  -6.04428586910933e+00   7.47442891195897e-01
  -6.03737811383035e+00   7.59426786782746e-01
  -6.03047035855136e+00   7.71506116535585e-01
  -6.02356260327238e+00   7.83680880454412e-01
  -6.01665484799340e+00   7.95951078539227e-01
  -6.00974709271442e+00   8.08316710790031e-01
  -6.00283933743543e+00   8.20777777206824e-01
  -5.99593158215645e+00   8.33334277789605e-01
  -5.98902382687747e+00   8.45986212538375e-01
  -5.98211607159849e+00   8.58733581453134e-01
  -5.97520831631950e+00   8.71576384533881e-01
  -5.96830056104052e+00   8.84514621780617e-01
  -5.96139280576154e+00   8.97548293193341e-01
  -5.95448505048256e+00   9.10677398772054e-01
  -5.94757729520357e+00   9.23901938516756e-01
  -5.94066953992459e+00   9.37221912427446e-01
  -5.93376178464561e+00   9.50637320504125e-01
  -5.92685402936663e+00   9.64148162746792e-01
  -5.91994627408764e+00   9.77754439155448e-01
  -5.91303851880866e+00   9.91456149730093e-01
  -5.90613076352968e+00   1.00525329447073e+00
  -5.89922300825070e+00   1.01914587337735e+00
  -5.89231525297171e+00   1.03313388644996e+00
  -5.88540749769273e+00   1.04721733368856e+00
  -5.87849974241375e+00   1.06139621509315e+00
  -5.87159198713477e+00   1.07567053066372e+00
  -5.86468423185578e+00   1.09004028040029e+00
  -5.85777647657680e+00   1.10450546430284e+00
  -5.85086872129782e+00   1.11906608237138e+00
  -5.84396096601884e+00   1.13372213460591e+00
  -5.83705321073985e+00   1.14847362100643e+00
  -5.83014545546087e+00   1.16332054157294e+00
  -5.82323770018189e+00   1.17826289630544e+00
  -5.81632994490291e+00   1.19330068520392e+00
  -5.80942218962393e+00   1.20843390826840e+00
  -5.80251443434494e+00   1.22366256549886e+00
  -5.79560667906596e+00   1.23898665689531e+00
  -5.78869892378698e+00   1.25440618245775e+00
  -5.78179116850800e+00   1.26992114218618e+00
  -5.77488341322901e+00   1.28553153608060e+00
  -5.76797565795003e+00   1.30123736414100e+00
  -5.76106790267105e+00   1.31703862636739e+00
  -5.75416014739207e+00   1.33293532275978e+00
  -5.74725239211308e+00   1.34892745331815e+00
  -5.74034463683410e+00   1.36501501804251e+00
  -5.73343688155512e+00   1.38119801693286e+00
  -5.72652912627614e+00   1.39747644998919e+00
  -5.71962137099715e+00   1.41385031721152e+00
  -5.71271361571817e+00   1.43031961859984e+00
  -5.70580586043919e+00   1.44688435415414e+00
  -5.69889810516021e+00   1.46354452387443e+00
  -5.69199034988122e+00   1.48030012776071e+00
  -5.68508259460224e+00   1.49715116581298e+00
  -5.67817483932326e+00   1.51409763803124e+00
  -5.67126708404428e+00   1.53113954441548e+00
  -5.66435932876529e+00   1.54827688496572e+00
  -5.65745157348631e+00   1.56550965968194e+00
  -5.65054381820733e+00   1.58283786856415e+00
  -5.64363606292835e+00   1.60026151161235e+00
  -5.63672830764936e+00   1.61778058882654e+00
  -5.62982055237038e+00   1.63539510020672e+00
  -5.62291279709140e+00   1.65310504575289e+00
  -5.61600504181242e+00   1.67091042546504e+00
  -5.60909728653343e+00   1.68881123934318e+00
  -5.60218953125445e+00   1.70680748738732e+00
  -5.59528177597547e+00   1.72489916959744e+00
  -5.58837402069649e+00   1.74308628597355e+00
  -5.58146626541750e+00   1.76136883651565e+00
  -5.57455851013852e+00   1.77974682122373e+00
  -5.56765075485954e+00   1.79822024009781e+00
  -5.56074299958056e+00   1.81678909313787e+00
  -5.55383524430157e+00   1.83545338034392e+00
  -5.54692748902259e+00   1.85421310171597e+00
  -5.54001973374361e+00   1.87306825725399e+00
  -5.53311197846463e+00   1.89201884695801e+00
  -5.52620422318564e+00   1.91106487082802e+00
  -5.51929646790666e+00   1.93020632886402e+00
  -5.51238871262768e+00   1.94944322106600e+00
  -5.50548095734870e+00   1.96877554743397e+00
  -5.49857320206971e+00   1.98820330796793e+00
  -5.49166544679073e+00   2.00772650266788e+00
  -5.48475769151175e+00   2.02734513153382e+00
  -5.47784993623277e+00   2.04705919456575e+00
  -5.47094218095378e+00   2.06686869176367e+00
  -5.46403442567480e+00   2.08677362312757e+00
  -5.45712667039582e+00   2.10677398865746e+00
  -5.45021891511684e+00   2.12686978835335e+00
  -5.44331115983785e+00   2.14706102221522e+00
  -5.43640340455887e+00   2.16734769024307e+00
  -5.42949564927989e+00   2.18772979243692e+00
  -5.42258789400091e+00   2.20820732879676e+00
  -5.41568013872192e+00   2.22878029932258e+00
  -5.40877238344294e+00   2.24944870401440e+00
  -5.40186462816396e+00   2.27021254287220e+00
  -5.39495687288498e+00   2.29107181589599e+00
  -5.38804911760599e+00   2.31202652308577e+00
  -5.38114136232701e+00   2.33307666444154e+00
  -5.37423360704803e+00   2.35422223996329e+00
  -5.36732585176905e+00   2.37546324965104e+00
  -5.36041809649006e+00   2.39679969350477e+00
  -5.35351034121108e+00   2.41823157152449e+00
  -5.34660258593210e+00   2.43975888371020e+00
  -5.33969483065312e+00   2.46138163006190e+00
  -5.33278707537414e+00   2.48309981057959e+00
  -5.32587932009515e+00   2.50491342526327e+00
  -5.31897156481617e+00   2.52682247411293e+00
  -5.31206380953719e+00   2.54882695712859e+00
  -5.30515605425821e+00   2.57092687431023e+00
  -5.29824829897922e+00   2.59312222565786e+00
  -5.29134054370024e+00   2.61541301117148e+00
  -5.28443278842126e+00   2.63779923085109e+00
  -5.27752503314228e+00   2.66028088469669e+00
  -5.27061727786329e+00   2.68285797270827e+00
  -5.26370952258431e+00   2.70553049488585e+00
  -5.25680176730533e+00   2.72829845122941e+00
  -5.24989401202635e+00   2.75116184173896e+00
  -5.24298625674736e+00   2.77412066641450e+00
  -5.23607850146838e+00   2.79717492525603e+00
  -5.22917074618940e+00   2.82032461826355e+00
  -5.22226299091042e+00   2.84356974543705e+00
  -5.21535523563143e+00   2.86691030677655e+00
  -5.20844748035245e+00   2.89034630228203e+00
  -5.20153972507347e+00   2.91387773195350e+00
  -5.19463196979449e+00   2.93750459579096e+00
  -5.18772421451550e+00   2.96122689379441e+00
  -5.18081645923652e+00   2.98504462596385e+00
  -5.17390870395754e+00   3.00895779229928e+00
  -5.16700094867856e+00   3.03296639280069e+00
  -5.16009319339957e+00   3.05707042746809e+00
  -5.15318543812059e+00   3.08126989630149e+00
  -5.14627768284161e+00   3.10556479930087e+00
  -5.13936992756263e+00   3.12995513646624e+00
  -5.13246217228364e+00   3.15444090779759e+00
  -5.12555441700466e+00   3.17902211329494e+00
  -5.11864666172568e+00   3.20369875295828e+00
  -5.11173890644670e+00   3.22847082678760e+00
  -5.10483115116771e+00   3.25333833478291e+00
  -5.09792339588873e+00   3.27830127694421e+00
  -5.09101564060975e+00   3.30335965327150e+00
  -5.08410788533077e+00   3.32851346376478e+00
  -5.07720013005178e+00   3.35376270842405e+00
  -5.07029237477280e+00   3.37910738724930e+00
  -5.06338461949382e+00   3.40454750024055e+00
  -5.05647686421484e+00   3.43008304739778e+00
  -5.04956910893585e+00   3.45571402872100e+00
  -5.04266135365687e+00   3.48144044421021e+00
  -5.03575359837789e+00   3.50726229386541e+00
  -5.02884584309891e+00   3.53317957768660e+00
  -5.02193808781992e+00   3.55919229567377e+00
  -5.01503033254094e+00   3.58530044782694e+00
  -5.00812257726196e+00   3.61150403414609e+00
  -5.00121482198298e+00   3.63780305463123e+00
  -4.99430706670399e+00   3.66419750928236e+00
  -4.98739931142501e+00   3.69068739809948e+00
  -4.98049155614603e+00   3.71727272108259e+00
  -4.97358380086705e+00   3.74395347823168e+00
  -4.96667604558806e+00   3.77072966954677e+00
  -4.95976829030908e+00   3.79760129502784e+00
  -4.95286053503010e+00   3.82456835467490e+00
  -4.94595277975112e+00   3.85163084848795e+00
  -4.93904502447213e+00   3.87878877646699e+00
  -4.93213726919315e+00   3.90604213861202e+00
  -4.92522951391417e+00   3.93339093492304e+00
  -4.91832175863519e+00   3.96083516540004e+00
  -4.91141400335620e+00   3.98837483004304e+00
  -4.90450624807722e+00   4.01600992885202e+00
  -4.89759849279824e+00   4.04374046182699e+00
  -4.89069073751926e+00   4.07156642896795e+00
  -4.88378298224027e+00   4.09948783027489e+00
  -4.87687522696129e+00   4.12750466574783e+00
  -4.86996747168231e+00   4.15561693538676e+00
  -4.86305971640333e+00   4.18382463919167e+00
  -4.85615196112435e+00   4.21212777716257e+00
  -4.84924420584536e+00   4.24052634929946e+00
  -4.84233645056638e+00   4.26902035560234e+00
  -4.83542869528740e+00   4.29760979607121e+00
  -4.82852094000842e+00   4.32629467070607e+00
  -4.82161318472943e+00   4.35507497950691e+00
  -4.81470542945045e+00   4.38395072247375e+00
  -4.80779767417147e+00   4.41292189960657e+00
  -4.80088991889249e+00   4.44198851090538e+00
  -4.79398216361350e+00   4.47115055637018e+00
  -4.78707440833452e+00   4.50040803600097e+00
  -4.78016665305554e+00   4.52976094979775e+00
  -4.77325889777656e+00   4.55920929776051e+00
  -4.76635114249757e+00   4.58875307988927e+00
  -4.75944338721859e+00   4.61839229618401e+00
  -4.75253563193961e+00   4.64812694664474e+00
  -4.74562787666063e+00   4.67795703127146e+00
  -4.73872012138164e+00   4.70788255006417e+00
  -4.73181236610266e+00   4.73790350302287e+00
  -4.72490461082368e+00   4.76801989014755e+00
  -4.71799685554470e+00   4.79823171143823e+00
  -4.71108910026571e+00   4.82853896689489e+00
  -4.70418134498673e+00   4.85894165651754e+00
  -4.69727358970775e+00   4.88943978030618e+00
  -4.69036583442877e+00   4.92003333826081e+00
  -4.68345807914978e+00   4.95072233038143e+00
  -4.67655032387080e+00   4.98150675666804e+00
  -4.66964256859182e+00   5.01238661712063e+00
  -4.66273481331284e+00   5.04336191173922e+00
  -4.65582705803385e+00   5.07443264052379e+00
  -4.64891930275487e+00   5.10559880347435e+00
  -4.64201154747589e+00   5.13686040059090e+00
  -4.63510379219691e+00   5.16821743187344e+00
  -4.62819603691792e+00   5.19966989732196e+00
  -4.62128828163894e+00   5.23121779693648e+00
  -4.61438052635996e+00   5.26286113071698e+00
  -4.60747277108098e+00   5.29459989866347e+00
  -4.60056501580199e+00   5.32643410077595e+00
  -4.59365726052301e+00   5.35836373705442e+00
  -4.58674950524403e+00   5.39038880749888e+00
  -4.57984174996505e+00   5.42250931210933e+00
  -4.57293399468606e+00   5.45472525088576e+00
  -4.56602623940708e+00   5.48703662382819e+00
  -4.55911848412810e+00   5.51944343093660e+00
  -4.55221072884912e+00   5.55194567221100e+00
  -4.54530297357013e+00   5.58454334765139e+00
  -4.53839521829115e+00   5.61723645725777e+00
  -4.53148746301217e+00   5.65002500103014e+00
  -4.52457970773319e+00   5.68290897896849e+00
  -4.51767195245420e+00   5.71588839107284e+00
  -4.51076419717522e+00   5.74896323734317e+00
  -4.50385644189624e+00   5.78213351777949e+00
  -4.49694868661726e+00   5.81539923238180e+00
  -4.49004093133827e+00   5.84876038115010e+00
  -4.48313317605929e+00   5.88221696408439e+00
  -4.47622542078031e+00   5.91576898118466e+00
  -4.46931766550133e+00   5.94941643245093e+00
  -4.46240991022234e+00   5.98315931788318e+00
  -4.45550215494336e+00   6.01699763748142e+00
  -4.44859439966438e+00   6.05093139124565e+00
  -4.44168664438540e+00   6.08496057917587e+00
  -4.43477888910641e+00   6.11908520127208e+00
  -4.42787113382743e+00   6.15330525753428e+00
  -4.42096337854845e+00   6.18762074796246e+00
  -4.41405562326947e+00   6.22203167255663e+00
  -4.40714786799048e+00   6.25653803131680e+00
  -4.40024011271150e+00   6.29113982424295e+00
  -4.39333235743252e+00   6.32583705133509e+00
  -4.38642460215354e+00   6.36062971259321e+00
  -4.37951684687456e+00   6.39551780801733e+00
  -4.37260909159557e+00   6.43050133760743e+00
  -4.36570133631659e+00   6.46558030136353e+00
  -4.35879358103761e+00   6.50075469928561e+00
  -4.35188582575863e+00   6.53602453137368e+00
  -4.34497807047964e+00   6.57138979762774e+00
  -4.33807031520066e+00   6.60685049804779e+00
  -4.33116255992168e+00   6.64240663263383e+00
  -4.32425480464270e+00   6.67805820138585e+00
  -4.31734704936371e+00   6.71380520430387e+00
  -4.31043929408473e+00   6.74964764138787e+00
  -4.30353153880575e+00   6.78558551263786e+00
  -4.29662378352677e+00   6.82161881805384e+00
  -4.28971602824778e+00   6.85774755763581e+00
  -4.28280827296880e+00   6.89397173138376e+00
  -4.27590051768982e+00   6.93029133929771e+00
  -4.26899276241084e+00   6.96670638137764e+00
  -4.26208500713185e+00   7.00321685762357e+00
  -4.25517725185287e+00   7.03982276803548e+00
  -4.24826949657389e+00   7.07652411261338e+00
  -4.24136174129491e+00   7.11332089135727e+00
  -4.23445398601592e+00   7.15021310426714e+00
  -4.22754623073694e+00   7.18720075134301e+00
  -4.22063847545796e+00   7.22428383258486e+00
  -4.21373072017898e+00   7.26146234799271e+00
  -4.20682296489999e+00   7.29873629756654e+00
  -4.19991520962101e+00   7.33610568130636e+00
  -4.19300745434203e+00   7.37357049921217e+00
  -4.18609969906305e+00   7.41113075128396e+00
  -4.17919194378406e+00   7.44878643752175e+00
  -4.17228418850508e+00   7.48653755792553e+00
  -4.16537643322610e+00   7.52438411249529e+00
  -4.15846867794712e+00   7.56232610123104e+00
  -4.15156092266813e+00   7.60036352413278e+00
  -4.14465316738915e+00   7.63849638120051e+00
  -4.13774541211017e+00   7.67672467243423e+00
  -4.13083765683119e+00   7.71504839783394e+00
  -4.12392990155220e+00   7.75346755739963e+00
  -4.11702214627322e+00   7.79198215113131e+00
  -4.11011439099424e+00   7.83059217902899e+00
  -4.10320663571526e+00   7.86929764109265e+00
  -4.09629888043627e+00   7.90809853732230e+00
  -4.08939112515729e+00   7.94699486771793e+00
  -4.08248336987831e+00   7.98598663227956e+00
  -4.07557561459933e+00   8.02507383100718e+00
  -4.06866785932034e+00   8.06425646390078e+00
  -4.06176010404136e+00   8.10353453096037e+00
  -4.05485234876238e+00   8.14290803218596e+00
  -4.04794459348340e+00   8.18237696757753e+00
  -4.04103683820441e+00   8.22194133713508e+00
  -4.03412908292543e+00   8.26160114085863e+00
  -4.02722132764645e+00   8.30135637874817e+00
  -4.02031357236747e+00   8.34120705080369e+00
  -4.01340581708848e+00   8.38115315702520e+00
  -4.00649806180950e+00   8.42119469741270e+00
  -3.99959030653052e+00   8.46133167196619e+00
  -3.99268255125154e+00   8.50156408068567e+00
  -3.98577479597256e+00   8.54189192357114e+00
  -3.97886704069357e+00   8.58231520062260e+00
  -3.97195928541459e+00   8.62283391184004e+00
  -3.96505153013561e+00   8.66344805722347e+00
  -3.95814377485663e+00   8.70415763677289e+00
  -3.95123601957765e+00   8.74496265048830e+00
  -3.94432826429866e+00   8.78586309836970e+00
  -3.93742050901968e+00   8.82685898041709e+00
  -3.93051275374070e+00   8.86795029663046e+00
  -3.92360499846172e+00   8.90913704700983e+00
  -3.91669724318274e+00   8.95041923155518e+00
  -3.90978948790375e+00   8.99179685026653e+00
  -3.90288173262477e+00   9.03326990314386e+00
  -3.89597397734579e+00   9.07483839018718e+00
  -3.88906622206681e+00   9.11650231139648e+00
  -3.88215846678783e+00   9.15826166677178e+00
  -3.87525071150884e+00   9.20011645631307e+00
  -3.86834295622986e+00   9.24206668002034e+00
  -3.86143520095088e+00   9.28411233789360e+00
  -3.85452744567190e+00   9.32625342993285e+00
  -3.84761969039292e+00   9.36848995613809e+00
  -3.84071193511393e+00   9.41082191650932e+00
  -3.83380417983495e+00   9.45324931104654e+00
  -3.82689642455597e+00   9.49577213974974e+00
  -3.81998866927699e+00   9.53839040261894e+00
  -3.81308091399801e+00   9.58110409965412e+00
  -3.80617315871902e+00   9.62391323085529e+00
  -3.79926540344004e+00   9.66681779622245e+00
  -3.79235764816106e+00   9.70981779575560e+00
  -3.78544989288208e+00   9.75291322945473e+00
  -3.77854213760310e+00   9.79610409731986e+00
  -3.77163438232411e+00   9.83939039935097e+00
  -3.76472662704513e+00   9.88277213554808e+00
  -3.75781887176615e+00   9.92624930591117e+00
  -3.75091111648717e+00   9.96982191044025e+00
  -3.74400336120819e+00   1.00134899491353e+01
  -3.73709560592920e+00   1.00572534219964e+01
  -3.73018785065022e+00   1.01011123290234e+01
  -3.72328009537124e+00   1.01450666702165e+01
  -3.71637234009226e+00   1.01891164455755e+01
  -3.70946458481328e+00   1.02332616551005e+01
  -3.70255682953429e+00   1.02775022987915e+01
  -3.69564907425531e+00   1.03218383766485e+01
  -3.68874131897633e+00   1.03662698886715e+01
  -3.68183356369735e+00   1.04107968348604e+01
  -3.67492580841837e+00   1.04554192152154e+01
  -3.66801805313938e+00   1.05001370297363e+01
  -3.66111029786040e+00   1.05449502784232e+01
  -3.65420254258142e+00   1.05898589612762e+01
  -3.64729478730244e+00   1.06348630782951e+01
  -3.64038703202346e+00   1.06799626294800e+01
  -3.63347927674447e+00   1.07251576148309e+01
  -3.62657152146549e+00   1.07704480343477e+01
  -3.61966376618651e+00   1.08158338880306e+01
  -3.61275601090753e+00   1.08613151758795e+01
  -3.60584825562854e+00   1.09068918978943e+01
  -3.59894050034956e+00   1.09525640540751e+01
  -3.59203274507058e+00   1.09983316444219e+01
  -3.58512498979160e+00   1.10441946689347e+01
  -3.57821723451262e+00   1.10901531276135e+01
  -3.57130947923363e+00   1.11362070204583e+01
  -3.56440172395465e+00   1.11823563474691e+01
  -3.55749396867567e+00   1.12286011086459e+01
  -3.55058621339669e+00   1.12749413039886e+01
  -3.54367845811771e+00   1.13213769334973e+01
  -3.53677070283872e+00   1.13679079971721e+01
  -3.52986294755974e+00   1.14145344950128e+01
  -3.52295519228076e+00   1.14612564270195e+01
  -3.51604743700178e+00   1.15080737931922e+01
  -3.50913968172280e+00   1.15549865935309e+01
  -3.50223192644381e+00   1.16019948280355e+01
  -3.49532417116483e+00   1.16490984967062e+01
  -3.48841641588585e+00   1.16962975995428e+01
  -3.48150866060687e+00   1.17435921365455e+01
  -3.47460090532789e+00   1.17909821077141e+01
  -3.46769315004890e+00   1.18384675130487e+01
  -3.46078539476992e+00   1.18860483525493e+01
  -3.45387763949094e+00   1.19337246262159e+01
  -3.44696988421196e+00   1.19814963340485e+01
  -3.44006212893298e+00   1.20293634760471e+01
  -3.43315437365399e+00   1.20773260522116e+01
  -3.42624661837501e+00   1.21253840625422e+01
  -3.41933886309603e+00   1.21735375070387e+01
  -3.41243110781705e+00   1.22217863857012e+01
  -3.40552335253807e+00   1.22701306985297e+01
  -3.39861559725908e+00   1.23185704455242e+01
  -3.39170784198010e+00   1.23671056266847e+01
  -3.38480008670112e+00   1.24157362420112e+01
  -3.37789233142214e+00   1.24644622915036e+01
  -3.37098457614316e+00   1.25132837751621e+01
  -3.36407682086417e+00   1.25622006929865e+01
  -3.35716906558519e+00   1.26112130449770e+01
  -3.35026131030621e+00   1.26603208311334e+01
  -3.34335355502723e+00   1.27095240514558e+01
  -3.33644579974825e+00   1.27588227059442e+01
  -3.32953804446926e+00   1.28082167945986e+01
  -3.32263028919028e+00   1.28577063174190e+01
  -3.31572253391130e+00   1.29072912744053e+01
  -3.30881477863232e+00   1.29569716655577e+01
  -3.30190702335334e+00   1.30067474908760e+01
  -3.29499926807435e+00   1.30566187503603e+01
  -3.28809151279537e+00   1.31065854440107e+01
  -3.28118375751639e+00   1.31566475718270e+01
  -3.27427600223741e+00   1.32068051338093e+01
  -3.26736824695843e+00   1.32570581299575e+01
  -3.26046049167944e+00   1.33074065602718e+01
  -3.25355273640046e+00   1.33578504247521e+01
  -3.24664498112148e+00   1.34083897233983e+01
  -3.23973722584250e+00   1.34590244562105e+01
  -3.23282947056352e+00   1.35097546231888e+01
  -3.22592171528453e+00   1.35605802243330e+01
  -3.21901396000555e+00   1.36115012596432e+01
  -3.21210620472657e+00   1.36625177291194e+01
  -3.20519844944759e+00   1.37136296327616e+01
  -3.19829069416861e+00   1.37648369705697e+01
  -3.19138293888962e+00   1.38161397425439e+01
  -3.18447518361064e+00   1.38675379486840e+01
  -3.17756742833166e+00   1.39190315889902e+01
  -3.17065967305268e+00   1.39706206634623e+01
  -3.16375191777370e+00   1.40223051721004e+01
  -3.15684416249471e+00   1.40740851149045e+01
  -3.14993640721573e+00   1.41259604918746e+01
  -3.14302865193675e+00   1.41779313030107e+01
  -3.13612089665777e+00   1.42299975483127e+01
  -3.12921314137879e+00   1.42821592277808e+01
  -3.12230538609980e+00   1.43344163414148e+01
  -3.11539763082082e+00   1.43867688892149e+01
  -3.10848987554184e+00   1.44392168711809e+01
  -3.10158212026286e+00   1.44917602873129e+01
  -3.09467436498388e+00   1.45443991376109e+01
  -3.08776660970489e+00   1.45971334220749e+01
  -3.08085885442591e+00   1.46499631407049e+01
  -3.07395109914693e+00   1.47028882935008e+01
  -3.06704334386795e+00   1.47559088804628e+01
  -3.06013558858897e+00   1.48090249015907e+01
  -3.05322783330998e+00   1.48622363568846e+01
  -3.04632007803100e+00   1.49155432463446e+01
  -3.03941232275202e+00   1.49689455699705e+01
  -3.03250456747304e+00   1.50224433277624e+01
  -3.02559681219406e+00   1.50760365197202e+01
  -3.01868905691507e+00   1.51297251458441e+01
  -3.01178130163609e+00   1.51835092061340e+01
  -3.00487354635711e+00   1.52373887005898e+01
  -2.99796579107813e+00   1.52913636292117e+01
  -2.99105803579915e+00   1.53454339919995e+01
  -2.98415028052016e+00   1.53995997889533e+01
  -2.97724252524118e+00   1.54538610200731e+01
  -2.97033476996220e+00   1.55082176853589e+01
  -2.96342701468322e+00   1.55626697848107e+01
  -2.95651925940424e+00   1.56172173184285e+01
  -2.94961150412525e+00   1.56718602862122e+01
  -2.94270374884627e+00   1.57265986881620e+01
  -2.93579599356729e+00   1.57814325242777e+01
  -2.92888823828831e+00   1.58363617945594e+01
  -2.92198048300933e+00   1.58913864990071e+01
  -2.91507272773034e+00   1.59465066376208e+01
  -2.90816497245136e+00   1.60017222104005e+01
  -2.90125721717238e+00   1.60570332173462e+01
  -2.89434946189340e+00   1.61124396584579e+01
  -2.88744170661441e+00   1.61679415337355e+01
  -2.88053395133543e+00   1.62235388431792e+01
  -2.87362619605645e+00   1.62792315867888e+01
  -2.86671844077747e+00   1.63350197645644e+01
  -2.85981068549849e+00   1.63909033765060e+01
  -2.85290293021950e+00   1.64468824226136e+01
  -2.84599517494052e+00   1.65029569028872e+01
  -2.83908741966154e+00   1.65591268173268e+01
  -2.83217966438256e+00   1.66153921659324e+01
  -2.82527190910358e+00   1.66717529487039e+01
  -2.81836415382459e+00   1.67282091656415e+01
  -2.81145639854561e+00   1.67847608167450e+01
  -2.80454864326663e+00   1.68414079020145e+01
  -2.79764088798765e+00   1.68981504214500e+01
  -2.79073313270867e+00   1.69549883750515e+01
  -2.78382537742968e+00   1.70119217628190e+01
  -2.77691762215070e+00   1.70689505847525e+01
  -2.77000986687172e+00   1.71260748408519e+01
  -2.76310211159274e+00   1.71832945311174e+01
  -2.75619435631376e+00   1.72406096555488e+01
  -2.74928660103477e+00   1.72980202141463e+01
  -2.74237884575579e+00   1.73555262069097e+01
  -2.73547109047681e+00   1.74131276338391e+01
  -2.72856333519783e+00   1.74708244949345e+01
  -2.72165557991885e+00   1.75286167901959e+01
  -2.71474782463986e+00   1.75865045196232e+01
  -2.70784006936088e+00   1.76444876832166e+01
  -2.70093231408190e+00   1.77025662809759e+01
  -2.69402455880292e+00   1.77607403129013e+01
  -2.68711680352394e+00   1.78190097789926e+01
  -2.68020904824495e+00   1.78773746792499e+01
  -2.67330129296597e+00   1.79358350136732e+01
  -2.66639353768699e+00   1.79943907822625e+01
  -2.65948578240801e+00   1.80530419850178e+01
  -2.65257802712903e+00   1.81117886219391e+01
  -2.64567027185004e+00   1.81706306930263e+01
  -2.63876251657106e+00   1.82295681982796e+01
  -2.63185476129208e+00   1.82886011376988e+01
  -2.62494700601310e+00   1.83477295112840e+01
  -2.61803925073412e+00   1.84069533190352e+01
  -2.61113149545513e+00   1.84662725609524e+01
  -2.60422374017615e+00   1.85256872370356e+01
  -2.59731598489717e+00   1.85851973472848e+01
  -2.59040822961819e+00   1.86448028917000e+01
  -2.58350047433921e+00   1.87045038702811e+01
  -2.57659271906022e+00   1.87643002830283e+01
  -2.56968496378124e+00   1.88241921299414e+01
  -2.56277720850226e+00   1.88841794110205e+01
  -2.55586945322328e+00   1.89442621262656e+01
  -2.54896169794430e+00   1.90044402756767e+01
  -2.54205394266531e+00   1.90647138592538e+01
  -2.53514618738633e+00   1.91250828769969e+01
  -2.52823843210735e+00   1.91855473289060e+01
  -2.52133067682837e+00   1.92461072149810e+01
  -2.51442292154939e+00   1.93067625352220e+01
  -2.50751516627040e+00   1.93675132896291e+01
  -2.50060741099142e+00   1.94283594782021e+01
  -2.49369965571244e+00   1.94893011009411e+01
  -2.48679190043346e+00   1.95503381578461e+01
  -2.47988414515448e+00   1.96114706489171e+01
  -2.47297638987549e+00   1.96726985741541e+01
  -2.46606863459651e+00   1.97340219335570e+01
  -2.45916087931753e+00   1.97954407271260e+01
  -2.45225312403855e+00   1.98569549548609e+01
  -2.44534536875957e+00   1.99185646167618e+01
  -2.43843761348058e+00   1.99802697128288e+01
  -2.43152985820160e+00   2.00420702430617e+01
  -2.42462210292262e+00   2.01039662074606e+01
  -2.41771434764364e+00   2.01659576060254e+01
  -2.41080659236466e+00   2.02280444387563e+01
  -2.40389883708567e+00   2.02902267056532e+01
  -2.39699108180669e+00   2.03525044067160e+01
  -2.39008332652771e+00   2.04148775419448e+01
  -2.38317557124873e+00   2.04773461113397e+01
  -2.37626781596975e+00   2.05399101149005e+01
  -2.36936006069076e+00   2.06025695526273e+01
  -2.36245230541178e+00   2.06653244245201e+01
  -2.35554455013280e+00   2.07281747305789e+01
  -2.34863679485382e+00   2.07911204708036e+01
  -2.34172903957484e+00   2.08541616451944e+01
  -2.33482128429585e+00   2.09172982537511e+01
  -2.32791352901687e+00   2.09805302964739e+01
  -2.32100577373789e+00   2.10438577733626e+01
  -2.31409801845891e+00   2.11072806844173e+01
  -2.30719026317993e+00   2.11707990296380e+01
  -2.30028250790094e+00   2.12344128090247e+01
  -2.29337475262196e+00   2.12981220225774e+01
  -2.28646699734298e+00   2.13619266702960e+01
  -2.27955924206400e+00   2.14258267521807e+01
  -2.27265148678502e+00   2.14898222682313e+01
  -2.26574373150603e+00   2.15539132184480e+01
  -2.25883597622705e+00   2.16180996028306e+01
  -2.25192822094807e+00   2.16823814213792e+01
  -2.24502046566909e+00   2.17467586740938e+01
  -2.23811271039011e+00   2.18112313609744e+01
  -2.23120495511112e+00   2.18757994820209e+01
  -2.22429719983214e+00   2.19404630372335e+01
  -2.21738944455316e+00   2.20052220266121e+01
  -2.21048168927418e+00   2.20700764501566e+01
  -2.20357393399519e+00   2.21350263078671e+01
  -2.19666617871621e+00   2.22000715997436e+01
  -2.18975842343723e+00   2.22652123257862e+01
  -2.18285066815825e+00   2.23304484859946e+01
  -2.17594291287927e+00   2.23957800803691e+01
  -2.16903515760028e+00   2.24612071089096e+01
  -2.16212740232130e+00   2.25267295716161e+01
  -2.15521964704232e+00   2.25923474684885e+01
  -2.14831189176334e+00   2.26580607995270e+01
  -2.14140413648436e+00   2.27238695647314e+01
  -2.13449638120537e+00   2.27897737641018e+01
  -2.12758862592639e+00   2.28557733976382e+01
  -2.12068087064741e+00   2.29218684653406e+01
  -2.11377311536843e+00   2.29880589672090e+01
  -2.10686536008945e+00   2.30543449032433e+01
  -2.09995760481046e+00   2.31207262734437e+01
  -2.09304984953148e+00   2.31872030778100e+01
  -2.08614209425250e+00   2.32537753163424e+01
  -2.07923433897352e+00   2.33204429890407e+01
  -2.07232658369454e+00   2.33872060959050e+01
  -2.06541882841555e+00   2.34540646369353e+01
  -2.05851107313657e+00   2.35210186121316e+01
  -2.05160331785759e+00   2.35880680214939e+01
  -2.04469556257861e+00   2.36552128650222e+01
  -2.03778780729963e+00   2.37224531427164e+01
  -2.03088005202064e+00   2.37897888545767e+01
  -2.02397229674166e+00   2.38572200006029e+01
  -2.01706454146268e+00   2.39247465807951e+01
  -2.01015678618370e+00   2.39923685951533e+01
  -2.00324903090472e+00   2.40600860436775e+01
  -1.99634127562573e+00   2.41278989263677e+01
  -1.98943352034675e+00   2.41958072432239e+01
  -1.98252576506777e+00   2.42638109942461e+01
  -1.97561800978879e+00   2.43319101794342e+01
  -1.96871025450981e+00   2.44001047987883e+01
  -1.96180249923082e+00   2.44683948523085e+01
  -1.95489474395184e+00   2.45367803399946e+01
  -1.94798698867286e+00   2.46052612618467e+01
  -1.94107923339388e+00   2.46738376178648e+01
  -1.93417147811489e+00   2.47425094080489e+01
  -1.92726372283591e+00   2.48112766323990e+01
  -1.92035596755693e+00   2.48801392909150e+01
  -1.91344821227795e+00   2.49490973835971e+01
  -1.90654045699897e+00   2.50181509104451e+01
  -1.89963270171998e+00   2.50872998714591e+01
  -1.89272494644100e+00   2.51565442666392e+01
  -1.88581719116202e+00   2.52258840959852e+01
  -1.87890943588304e+00   2.52953193594972e+01
  -1.87200168060405e+00   2.53648500571751e+01
  -1.86509392532507e+00   2.54344761890191e+01
  -1.85818617004609e+00   2.55041977550291e+01
  -1.85127841476711e+00   2.55740147552050e+01
  -1.84437065948812e+00   2.56439271895470e+01
  -1.83746290420914e+00   2.57139350580549e+01
  -1.83055514893016e+00   2.57840383607288e+01
  -1.82364739365118e+00   2.58542370975687e+01
  -1.81673963837220e+00   2.59245312685746e+01
  -1.80983188309321e+00   2.59949208737465e+01
  -1.80292412781423e+00   2.60654059130843e+01
  -1.79601637253525e+00   2.61359863865882e+01
  -1.78910861725627e+00   2.62066622942580e+01
  -1.78220086197728e+00   2.62774336360939e+01
  -1.77529310669830e+00   2.63483004120957e+01
  -1.76838535141932e+00   2.64192626222635e+01
  -1.76147759614034e+00   2.64903202665973e+01
  -1.75456984086136e+00   2.65614733450971e+01
  -1.74766208558237e+00   2.66327218577629e+01
  -1.74075433030339e+00   2.67040658045946e+01
  -1.73384657502441e+00   2.67755051855924e+01
  -1.72693881974543e+00   2.68470400007561e+01
  -1.72003106446644e+00   2.69186702500859e+01
  -1.71312330918746e+00   2.69903959335816e+01
  -1.70621555390848e+00   2.70622170512433e+01
  -1.69930779862950e+00   2.71341336030710e+01
  -1.69240004335052e+00   2.72061455890647e+01
  -1.68549228807153e+00   2.72782530092244e+01
  -1.67858453279255e+00   2.73504558635500e+01
  -1.67167677751357e+00   2.74227541520417e+01
  -1.66476902223459e+00   2.74951478746993e+01
  -1.65786126695560e+00   2.75676370315229e+01
  -1.65095351167662e+00   2.76402216225126e+01
  -1.64404575639764e+00   2.77129016476682e+01
  -1.63713800111866e+00   2.77856771069898e+01
  -1.63023024583968e+00   2.78585480004773e+01
  -1.62332249056069e+00   2.79315143281309e+01
  -1.61641473528171e+00   2.80045760899505e+01
  -1.60950698000273e+00   2.80777332859360e+01
  -1.60259922472375e+00   2.81509859160876e+01
  -1.59569146944476e+00   2.82243339804051e+01
  -1.58878371416578e+00   2.82977774788886e+01
  -1.58187595888680e+00   2.83713164115381e+01
  -1.57496820360782e+00   2.84449507783536e+01
  -1.56806044832884e+00   2.85186805793351e+01
  -1.56115269304985e+00   2.85925058144826e+01
  -1.55424493777087e+00   2.86664264837960e+01
  -1.54733718249189e+00   2.87404425872755e+01
  -1.54042942721291e+00   2.88145541249209e+01
  -1.53352167193392e+00   2.88887610967323e+01
  -1.52661391665494e+00   2.89630635027098e+01
  -1.51970616137596e+00   2.90374613428532e+01
  -1.51279840609698e+00   2.91119546171625e+01
  -1.50589065081800e+00   2.91865433256379e+01
  -1.49898289553901e+00   2.92612274682793e+01
  -1.49207514026003e+00   2.93360070450866e+01
  -1.48516738498105e+00   2.94108820560600e+01
  -1.47825962970207e+00   2.94858525011993e+01
  -1.47135187442308e+00   2.95609183805046e+01
  -1.46444411914410e+00   2.96360796939760e+01
  -1.45753636386512e+00   2.97113364416133e+01
  -1.45062860858614e+00   2.97866886234165e+01
  -1.44372085330715e+00   2.98621362393858e+01
  -1.43681309802817e+00   2.99376792895211e+01
  -1.42990534274919e+00   3.00133177738223e+01
  -1.42299758747021e+00   3.00890516922896e+01
  -1.41608983219123e+00   3.01648810449228e+01
  -1.40918207691224e+00   3.02408058317220e+01
  -1.40227432163326e+00   3.03168260526872e+01
  -1.39536656635428e+00   3.03929417078184e+01
  -1.38845881107530e+00   3.04691527971156e+01
  -1.38155105579631e+00   3.05454593205788e+01
  -1.37464330051733e+00   3.06218612782080e+01
  -1.36773554523835e+00   3.06983586700031e+01
  -1.36082778995937e+00   3.07749514959643e+01
  -1.35392003468039e+00   3.08516397560914e+01
  -1.34701227940140e+00   3.09284234503845e+01
  -1.34010452412242e+00   3.10053025788436e+01
  -1.33319676884344e+00   3.10822771414687e+01
  -1.32628901356446e+00   3.11593471382598e+01
  -1.31938125828547e+00   3.12365125692169e+01
  -1.31247350300649e+00   3.13137734343399e+01
  -1.30556574772751e+00   3.13911297336290e+01
  -1.29865799244853e+00   3.14685814670840e+01
  -1.29175023716955e+00   3.15461286347050e+01
  -1.28484248189056e+00   3.16237712364920e+01
  -1.27793472661158e+00   3.17015092724451e+01
  -1.27102697133260e+00   3.17793427425640e+01
  -1.26411921605362e+00   3.18572716468490e+01
  -1.25721146077463e+00   3.19352959853000e+01
  -1.25030370549565e+00   3.20134157579170e+01
  -1.24339595021667e+00   3.20916309646999e+01
  -1.23648819493769e+00   3.21699416056488e+01
  -1.22958043965871e+00   3.22483476807638e+01
  -1.22267268437972e+00   3.23268491900447e+01
  -1.21576492910074e+00   3.24054461334916e+01
  -1.20885717382176e+00   3.24841385111045e+01
  -1.20194941854278e+00   3.25629263228833e+01
  -1.19504166326379e+00   3.26418095688282e+01
  -1.18813390798481e+00   3.27207882489391e+01
  -1.18122615270583e+00   3.27998623632159e+01
  -1.17431839742685e+00   3.28790319116587e+01
  -1.16741064214787e+00   3.29582968942676e+01
  -1.16050288686888e+00   3.30376573110424e+01
  -1.15359513158990e+00   3.31171131619832e+01
  -1.14668737631092e+00   3.31966644470900e+01
  -1.13977962103194e+00   3.32763111663627e+01
  -1.13287186575295e+00   3.33560533198015e+01
  -1.12596411047397e+00   3.34358909074063e+01
  -1.11905635519499e+00   3.35158239291770e+01
  -1.11214859991601e+00   3.35958523851137e+01
  -1.10524084463702e+00   3.36759762752164e+01
  -1.09833308935804e+00   3.37561955994852e+01
  -1.09142533407906e+00   3.38365103579198e+01
  -1.08451757880008e+00   3.39169205505205e+01
  -1.07760982352110e+00   3.39974261772872e+01
  -1.07070206824211e+00   3.40780272382199e+01
  -1.06379431296313e+00   3.41587237333185e+01
  -1.05688655768415e+00   3.42395156625832e+01
  -1.04997880240517e+00   3.43204030260138e+01
  -1.04307104712618e+00   3.44013858236104e+01
  -1.03616329184720e+00   3.44824640553730e+01
  -1.02925553656822e+00   3.45636377213016e+01
  -1.02234778128924e+00   3.46449068213962e+01
  -1.01544002601026e+00   3.47262713556568e+01
  -1.00853227073127e+00   3.48077313240833e+01
  -1.00162451545229e+00   3.48892867266759e+01
  -9.94716760173309e-01   3.49709375634344e+01
  -9.87809004894327e-01   3.50526838343589e+01
  -9.80901249615345e-01   3.51345255394494e+01
  -9.73993494336363e-01   3.52164626787059e+01
  -9.67085739057381e-01   3.52984952521284e+01
  -9.60177983778399e-01   3.53806232597169e+01
  -9.53270228499416e-01   3.54628467014714e+01
  -9.46362473220434e-01   3.55451655773918e+01
  -9.39454717941452e-01   3.56275798874783e+01
  -9.32546962662470e-01   3.57100896317307e+01
  -9.25639207383488e-01   3.57926948101491e+01
  -9.18731452104506e-01   3.58753954227336e+01
  -9.11823696825524e-01   3.59581914694840e+01
  -9.04915941546542e-01   3.60410829504003e+01
  -8.98008186267559e-01   3.61240698654827e+01
  -8.91100430988577e-01   3.62071522147311e+01
  -8.84192675709595e-01   3.62903299981454e+01
  -8.77284920430613e-01   3.63736032157258e+01
  -8.70377165151631e-01   3.64569718674721e+01
  -8.63469409872649e-01   3.65404359533844e+01
  -8.56561654593667e-01   3.66239954734627e+01
  -8.49653899314684e-01   3.67076504277070e+01
  -8.42746144035702e-01   3.67914008161173e+01
  -8.35838388756720e-01   3.68752466386936e+01
  -8.28930633477738e-01   3.69591878954359e+01
  -8.22022878198756e-01   3.70432245863441e+01
  -8.15115122919774e-01   3.71273567114184e+01
  -8.08207367640792e-01   3.72115842706586e+01
  -8.01299612361810e-01   3.72959072640648e+01
  -7.94391857082827e-01   3.73803256916370e+01
  -7.87484101803845e-01   3.74648395533752e+01
  -7.80576346524863e-01   3.75494488492794e+01
  -7.73668591245881e-01   3.76341535793496e+01
  -7.66760835966899e-01   3.77189537435857e+01
  -7.59853080687917e-01   3.78038493419879e+01
  -7.52945325408935e-01   3.78888403745560e+01
  -7.46037570129953e-01   3.79739268412901e+01
  -7.39129814850970e-01   3.80591087421903e+01
  -7.32222059571988e-01   3.81443860772564e+01
  -7.25314304293006e-01   3.82297588464885e+01
  -7.18406549014024e-01   3.83152270498865e+01
  -7.11498793735042e-01   3.84007906874506e+01
  -7.04591038456060e-01   3.84864497591807e+01
  -6.97683283177078e-01   3.85722042650767e+01
  -6.90775527898095e-01   3.86580542051387e+01
  -6.83867772619113e-01   3.87439995793668e+01
  -6.76960017340131e-01   3.88300403877608e+01
  -6.70052262061149e-01   3.89161766303208e+01
  -6.63144506782167e-01   3.90024083070468e+01
  -6.56236751503185e-01   3.90887354179388e+01
  -6.49328996224203e-01   3.91751579629967e+01
  -6.42421240945221e-01   3.92616759422207e+01
  -6.35513485666238e-01   3.93482893556106e+01
  -6.28605730387256e-01   3.94349982031666e+01
  -6.21697975108274e-01   3.95218024848885e+01
  -6.14790219829292e-01   3.96087022007764e+01
  -6.07882464550310e-01   3.96956973508303e+01
  -6.00974709271328e-01   3.97827879350502e+01
  -5.94066953992346e-01   3.98699739534361e+01
  -5.87159198713364e-01   3.99572554059879e+01
  -5.80251443434381e-01   4.00446322927058e+01
  -5.73343688155399e-01   4.01321046135896e+01
  -5.66435932876417e-01   4.02196723686395e+01
  -5.59528177597435e-01   4.03073355578553e+01
  -5.52620422318453e-01   4.03950941812371e+01
  -5.45712667039471e-01   4.04829482387849e+01
  -5.38804911760489e-01   4.05708977304987e+01
  -5.31897156481506e-01   4.06589426563784e+01
  -5.24989401202524e-01   4.07470830164242e+01
  -5.18081645923542e-01   4.08353188106359e+01
  -5.11173890644560e-01   4.09236500390137e+01
  -5.04266135365578e-01   4.10120767015574e+01
  -4.97358380086596e-01   4.11005987982671e+01
  -4.90450624807614e-01   4.11892163291428e+01
  -4.83542869528632e-01   4.12779292941845e+01
  -4.76635114249649e-01   4.13667376933922e+01
  -4.69727358970667e-01   4.14556415267659e+01
  -4.62819603691685e-01   4.15446407943056e+01
  -4.55911848412703e-01   4.16337354960112e+01
  -4.49004093133721e-01   4.17229256318828e+01
  -4.42096337854739e-01   4.18122112019205e+01
  -4.35188582575757e-01   4.19015922061241e+01
  -4.28280827296775e-01   4.19910686444937e+01
  -4.21373072017792e-01   4.20806405170293e+01
  -4.14465316738810e-01   4.21703078237309e+01
  -4.07557561459828e-01   4.22600705645984e+01
  -4.00649806180846e-01   4.23499287396320e+01
  -3.93742050901864e-01   4.24398823488315e+01
  -3.86834295622882e-01   4.25299313921971e+01
  -3.79926540343900e-01   4.26200758697286e+01
  -3.73018785064917e-01   4.27103157814261e+01
  -3.66111029785935e-01   4.28006511272896e+01
  -3.59203274506953e-01   4.28910819073191e+01
  -3.52295519227971e-01   4.29816081215146e+01
  -3.45387763948989e-01   4.30722297698760e+01
  -3.38480008670007e-01   4.31629468524035e+01
  -3.31572253391025e-01   4.32537593690969e+01
  -3.24664498112043e-01   4.33446673199564e+01
  -3.17756742833060e-01   4.34356707049818e+01
  -3.10848987554078e-01   4.35267695241732e+01
  -3.03941232275096e-01   4.36179637775306e+01
  -2.97033476996114e-01   4.37092534650540e+01
  -2.90125721717132e-01   4.38006385867434e+01
  -2.83217966438150e-01   4.38921191425987e+01
  -2.76310211159168e-01   4.39836951326201e+01
  -2.69402455880186e-01   4.40753665568074e+01
  -2.62494700601203e-01   4.41671334151607e+01
  -2.55586945322221e-01   4.42589957076801e+01
  -2.48679190043239e-01   4.43509534343654e+01
  -2.41771434764257e-01   4.44430065952167e+01
  -2.34863679485275e-01   4.45351551902339e+01
  -2.27955924206293e-01   4.46273992194172e+01
  -2.21048168927311e-01   4.47197386827665e+01
  -2.14140413648328e-01   4.48121735802817e+01
  -2.07232658369346e-01   4.49047039119630e+01
  -2.00324903090364e-01   4.49973296778102e+01
  -1.93417147811382e-01   4.50900508778234e+01
  -1.86509392532400e-01   4.51828675120026e+01
  -1.79601637253418e-01   4.52757795803478e+01
  -1.72693881974436e-01   4.53687870828590e+01
  -1.65786126695454e-01   4.54618900195362e+01
  -1.58878371416471e-01   4.55550883903793e+01
  -1.51970616137489e-01   4.56483821953885e+01
  -1.45062860858507e-01   4.57417714345636e+01
  -1.38155105579525e-01   4.58352561079047e+01
  -1.31247350300543e-01   4.59288362154118e+01
  -1.24339595021561e-01   4.60225117570849e+01
  -1.17431839742579e-01   4.61162827329240e+01
  -1.10524084463597e-01   4.62101491429291e+01
  -1.03616329184614e-01   4.63041109871002e+01
  -9.67085739056323e-02   4.63981682654372e+01
  -8.98008186266501e-02   4.64923209779403e+01
  -8.28930633476680e-02   4.65865691246093e+01
  -7.59853080686859e-02   4.66809127054443e+01
  -6.90775527897037e-02   4.67753517204454e+01
  -6.21697975107216e-02   4.68698861696124e+01
  -5.52620422317395e-02   4.69645160529453e+01
  -4.83542869527573e-02   4.70592413704443e+01
  -4.14465316737752e-02   4.71540621221093e+01
  -3.45387763947930e-02   4.72489783079402e+01
  -2.76310211158109e-02   4.73439899279372e+01
  -2.07232658368288e-02   4.74390969821001e+01
  -1.38155105578466e-02   4.75342994704290e+01
  -6.90775527886450e-03   4.76295973929239e+01
