   1.00000004749745e-03   4.03315600189828e+03
   1.09749881085008e-03   4.41389933364247e+03
   1.20450358372182e-03   4.82828279231446e+03
   1.32194126490504e-03   5.27867284324922e+03
   1.45082885865122e-03   5.76745245765480e+03
   1.59228290431201e-03   6.29698279919950e+03
   1.74752844031900e-03   6.86954030191743e+03
   1.91791041288525e-03   7.48727140956425e+03
   2.10490426979959e-03   8.15210331733912e+03
   2.31012981384993e-03   8.86566883137004e+03
   2.53536459058523e-03   9.62920464694846e+03
   2.78255972079933e-03   1.04434540296654e+04
   3.05385561659932e-03   1.13085257393810e+04
   3.35160270333290e-03   1.22237959398939e+04
   3.67838027887046e-03   1.31877528821978e+04
   4.03701746836305e-03   1.41978710393102e+04
   4.43062139675021e-03   1.52504813845844e+04
   4.86260233446956e-03   1.63406214274111e+04
   5.33669954165816e-03   1.74619093940542e+04
   5.85702108219266e-03   1.86064552054369e+04
   6.42807409167290e-03   1.97647188447079e+04
   7.05480296164751e-03   2.09254466788070e+04
   7.74263730272651e-03   2.20755958817801e+04
   8.49753525108099e-03   2.32002735766358e+04
   9.32603329420090e-03   2.42827215091245e+04
   1.02353105321527e-02   2.53043068957814e+04
   1.12332422286272e-02   2.62445629538463e+04
   1.23284673318267e-02   2.70812964139638e+04
   1.35304788127542e-02   2.77908598483265e+04
   1.48496851325035e-02   2.83486207260204e+04
   1.62975080311298e-02   2.87298915353726e+04
   1.78864970803261e-02   2.89114587307833e+04
   1.96304097771645e-02   2.88739563874099e+04
   2.15443465858698e-02   2.86051129247320e+04
   2.36448962241411e-02   2.81035303813941e+04
   2.59502455592155e-02   2.73820333630298e+04
   2.84803584218025e-02   2.64689831900647e+04
   3.12571600079536e-02   2.54062904119395e+04
   3.43046970665455e-02   2.42437398435899e+04
   3.76493595540524e-02   2.30311836801021e+04
   4.13201265037060e-02   2.18111569872767e+04
   4.53487932682037e-02   2.06132587133621e+04
   4.97702360153198e-02   1.94492239490506e+04
   5.46227768063545e-02   1.83067203129011e+04
   5.99484369158745e-02   1.71443589988558e+04
   6.57933205366135e-02   1.58989535895681e+04
   7.22080990672112e-02   1.45192990918110e+04
   7.92483091354370e-02   1.30219240422450e+04
   8.69749039411545e-02   1.15227753125132e+04
   9.54548269510269e-02   1.01835108388797e+04
   1.04761570692062e-01   9.08222453935262e+03
   1.14975705742836e-01   8.13029121315466e+03
   1.26185700297356e-01   7.16915812818197e+03
   1.38488665223122e-01   6.18510883183551e+03
   1.51991158723831e-01   5.32284161029358e+03
   1.66810035705566e-01   4.62795438190735e+03
   1.83073818683624e-01   3.98770980944874e+03
   2.00923308730125e-01   3.38658634279848e+03
   2.20513105392456e-01   2.88756177806303e+03
   2.42012888193130e-01   2.44975554159031e+03
   2.65608876943588e-01   2.06433412620744e+03
   2.91505277156830e-01   1.73851487880256e+03
   3.19926708936691e-01   1.45616075750021e+03
   3.51119190454483e-01   1.21713486843471e+03
   3.85352909564972e-01   1.01372124310295e+03
   4.22924399375916e-01   8.41972170364396e+02
   4.64158773422241e-01   6.97480084926170e+02
   5.09413719177246e-01   5.76255337912943e+02
   5.59081017971039e-01   4.74918884113672e+02
   6.13590776920319e-01   3.90484583256097e+02
   6.73415184020996e-01   3.20339640182231e+02
   7.39072382450104e-01   2.62225750280918e+02
   8.11130702495575e-01   2.14207399506267e+02
   8.90214979648590e-01   1.74635018068033e+02
   9.77009952068329e-01   1.42096778347209e+02
   1.07226729393005e+00   1.15407239940648e+02
   1.17681217193604e+00   9.35618374004465e+01
   1.29155004024506e+00   7.57197596487569e+01
   1.41747391223907e+00   6.11772624284391e+01
   1.55567598342896e+00   4.93476296529104e+01
   1.70735263824463e+00   3.97428350108505e+01
   1.87381768226624e+00   3.19588939300919e+01
   2.05651283264160e+00   2.56617503039904e+01
   2.25702047348022e+00   2.05761042357789e+01
   2.47707605361938e+00   1.64757010015077e+01
   2.71858811378479e+00   1.31748943470779e+01
   2.98364734649658e+00   1.05218604867050e+01
   3.27454948425293e+00   8.39265289802120e+00
   3.59381437301636e+00   6.68628976921811e+00
   3.94420719146729e+00   5.32069354491120e+00
   4.32876062393188e+00   4.22927649506473e+00
   4.75081014633179e+00   3.35810447587788e+00
   5.21400833129883e+00   2.66360269697340e+00
   5.72236871719360e+00   2.11060632873620e+00
   6.28029298782349e+00   1.67079272245368e+00
   6.89261436462402e+00   1.32138726429111e+00
   7.56463241577148e+00   1.04410510853405e+00
   8.30217552185059e+00   8.24284721135938e-01
   9.11162853240967e+00   6.50194086313335e-01
   9.99999618530273e+00   5.12453669596004e-01
